0.0 0.0    72032.70763
0.0 1.0    247246.08162
0.0 2.0    10802.09605
0.0 3.0    2137.828
0.0 4.0    1144.91085
0.0 5.0    130.39128
0.0 6.0    95.27196
0.0 7.0    118.11424
0.0 8.0    3233.47202
0.0 9.0    13764.93515
0.0 10.0   384.0367
0.0 11.0   -14.45087
0.0 12.0   40.66751
0.0 13.0   5.17756
0.0 14.0   -1.64731
0.0 15.0   3.26207
0.0 16.0   573.41053
0.0 17.0   775.90273
0.0 18.0   48.63321
0.0 19.0   -0.31475
0.0 20.0   4.82516
0.0 21.0   0.27599
0.0 22.0   0.17567
0.0 23.0   0.46463
0.0 24.0   377.00224
0.0 25.0   367.01567
0.0 26.0   65.39231
0.0 27.0   7.051
0.0 28.0   2.34586
0.0 29.0   -0.11392
0.0 30.0   0.82126
0.0 31.0   3.36669
0.0 32.0   86.8819
0.0 33.0   238.8742
0.0 34.0   65.32312
0.0 35.0   15.75736
0.0 36.0   6.71351
0.0 37.0   4.60646
0.0 38.0   0.55656
0.0 39.0   0.66673
0.0 40.0   28457.27708
0.0 41.0   24990.97775
0.0 42.0   2475.82395
0.0 43.0   472.18811
0.0 44.0   170.44977
0.0 45.0   16.30376
0.0 46.0   21.99515
0.0 47.0   29.47468
0.0 48.0   3529.12203
0.0 49.0   11003.64442
0.0 50.0   4078.51536
0.0 51.0   911.26196
0.0 52.0   438.7693
0.0 53.0   127.18264
0.0 54.0   47.96415
0.0 55.0   115.92445
0.0 56.0   1119.46346
0.0 57.0   2132.26593
0.0 58.0   837.49239
0.0 59.0   311.31558
0.0 60.0   109.05109
0.0 61.0   67.83929
0.0 62.0   20.01902
0.0 63.0   30.36759
1.0 0.0    247246.08162
1.0 1.0    2574880.68194
1.0 2.0    66862.44074
1.0 3.0    16708.53817
1.0 4.0    9594.07456
1.0 5.0    2046.45518
1.0 6.0    972.27089
1.0 7.0    1215.76904
1.0 8.0    23606.2096
1.0 9.0    123576.38112
1.0 10.0   2703.59259
1.0 11.0   157.39113
1.0 12.0   297.30876
1.0 13.0   31.22198
1.0 14.0   -11.38582
1.0 15.0   -31.71965
1.0 16.0   5334.70427
1.0 17.0   5299.49933
1.0 18.0   280.76101
1.0 19.0   -24.35295
1.0 20.0   21.97782
1.0 21.0   -1.58108
1.0 22.0   -0.96075
1.0 23.0   4.39359
1.0 24.0   2221.50758
1.0 25.0   2495.35753
1.0 26.0   355.87792
1.0 27.0   34.77365
1.0 28.0   20.50903
1.0 29.0   2.24211
1.0 30.0   -1.23558
1.0 31.0   8.23237
1.0 32.0   756.60357
1.0 33.0   1738.54641
1.0 34.0   494.90385
1.0 35.0   112.96922
1.0 36.0   34.39343
1.0 37.0   29.77603
1.0 38.0   11.36999
1.0 39.0   1.07011
1.0 40.0   246472.27169
1.0 41.0   207345.38433
1.0 42.0   14516.4539
1.0 43.0   2836.19013
1.0 44.0   1494.34832
1.0 45.0   169.32391
1.0 46.0   260.86138
1.0 47.0   276.5081
1.0 48.0   23257.14817
1.0 49.0   76819.14512
1.0 50.0   27927.62135
1.0 51.0   7321.97126
1.0 52.0   3091.83003
1.0 53.0   618.72628
1.0 54.0   405.29308
1.0 55.0   814.79318
1.0 56.0   7300.22077
1.0 57.0   15375.52802
1.0 58.0   5565.47067
1.0 59.0   1938.83845
1.0 60.0   644.62739
1.0 61.0   436.3943
1.0 62.0   197.00402
1.0 63.0   189.58749
2.0 0.0    10802.09605
2.0 1.0    66862.44074
2.0 2.0    58620.17359
2.0 3.0    2439.21037
2.0 4.0    780.60409
2.0 5.0    158.91158
2.0 6.0    104.34527
2.0 7.0    142.46094
2.0 8.0    398.29329
2.0 9.0    2144.71025
2.0 10.0   2366.64008
2.0 11.0   82.2266
2.0 12.0   -2.66051
2.0 13.0   9.14379
2.0 14.0   6.45383
2.0 15.0   8.99097
2.0 16.0   1983.93249
2.0 17.0   1653.60516
2.0 18.0   93.15029
2.0 19.0   -0.60107
2.0 20.0   1.41785
2.0 21.0   -0.30873
2.0 22.0   -0.14539
2.0 23.0   0.27271
2.0 24.0   574.4876
2.0 25.0   710.72696
2.0 26.0   140.83188
2.0 27.0   21.19687
2.0 28.0   1.93585
2.0 29.0   -0.99556
2.0 30.0   -0.62051
2.0 31.0   0.53197
2.0 32.0   103.70221
2.0 33.0   309.63421
2.0 34.0   108.77006
2.0 35.0   22.87812
2.0 36.0   9.2877
2.0 37.0   5.07192
2.0 38.0   2.48786
2.0 39.0   1.07262
2.0 40.0   24515.5893
2.0 41.0   37872.09175
2.0 42.0   6942.53354
2.0 43.0   406.92063
2.0 44.0   197.50498
2.0 45.0   16.23254
2.0 46.0   25.2886
2.0 47.0   24.3901
2.0 48.0   5250.39559
2.0 49.0   13231.48257
2.0 50.0   4396.04757
2.0 51.0   616.59842
2.0 52.0   291.5383
2.0 53.0   65.41676
2.0 54.0   50.81466
2.0 55.0   128.62929
2.0 56.0   1523.65166
2.0 57.0   2611.41625
2.0 58.0   943.46665
2.0 59.0   317.66896
2.0 60.0   105.8868
2.0 61.0   73.51212
2.0 62.0   31.47714
2.0 63.0   37.01851
3.0 0.0    2137.828
3.0 1.0    16708.53817
3.0 2.0    2439.21037
3.0 3.0    2794.55544
3.0 4.0    563.82153
3.0 5.0    58.36976
3.0 6.0    27.62887
3.0 7.0    33.23286
3.0 8.0    81.12044
3.0 9.0    546.77599
3.0 10.0   48.98227
3.0 11.0   134.46719
3.0 12.0   5.90861
3.0 13.0   2.08423
3.0 14.0   1.90472
3.0 15.0   1.84606
3.0 16.0   182.35564
3.0 17.0   131.45487
3.0 18.0   25.80199
3.0 19.0   4.05093
3.0 20.0   0.95765
3.0 21.0   -0.01566
3.0 22.0   -0.01861
3.0 23.0   0.17401
3.0 24.0   122.18172
3.0 25.0   155.75528
3.0 26.0   42.3127
3.0 27.0   8.77575
3.0 28.0   1.14581
3.0 29.0   0.25872
3.0 30.0   0.34762
3.0 31.0   0.7483
3.0 32.0   37.51907
3.0 33.0   51.55653
3.0 34.0   11.87918
3.0 35.0   3.38468
3.0 36.0   1.22066
3.0 37.0   1.11067
3.0 38.0   1.0093
3.0 39.0   0.26337
3.0 40.0   3145.90356
3.0 41.0   3934.94236
3.0 42.0   892.39934
3.0 43.0   303.57969
3.0 44.0   72.70296
3.0 45.0   5.93399
3.0 46.0   7.15537
3.0 47.0   5.20219
3.0 48.0   725.37425
3.0 49.0   2277.23662
3.0 50.0   877.17623
3.0 51.0   291.50572
3.0 52.0   127.43249
3.0 53.0   30.08384
3.0 54.0   17.77966
3.0 55.0   29.89391
3.0 56.0   470.3633
3.0 57.0   752.30065
3.0 58.0   242.15358
3.0 59.0   69.55345
3.0 60.0   21.69329
3.0 61.0   15.60956
3.0 62.0   8.24232
3.0 63.0   8.48236
4.0 0.0    1144.91085
4.0 1.0    9594.07456
4.0 2.0    780.60409
4.0 3.0    563.82153
4.0 4.0    1482.94725
4.0 5.0    54.95258
4.0 6.0    23.67961
4.0 7.0    24.61177
4.0 8.0    57.19751
4.0 9.0    545.71501
4.0 10.0   81.24594
4.0 11.0   35.88811
4.0 12.0   3.27254
4.0 13.0   0.88008
4.0 14.0   0.66028
4.0 15.0   0.1889
4.0 16.0   72.98447
4.0 17.0   88.97958
4.0 18.0   14.97655
4.0 19.0   2.6453
4.0 20.0   0.61755
4.0 21.0   0.00014
4.0 22.0   0.00159
4.0 23.0   0.21222
4.0 24.0   29.55963
4.0 25.0   29.9489
4.0 26.0   4.25385
4.0 27.0   0.95755
4.0 28.0   0.60424
4.0 29.0   0.19008
4.0 30.0   0.08357
4.0 31.0   0.33535
4.0 32.0   24.18371
4.0 33.0   29.90131
4.0 34.0   9.12787
4.0 35.0   2.13931
4.0 36.0   0.83768
4.0 37.0   0.63109
4.0 38.0   0.34455
4.0 39.0   0.05575
4.0 40.0   1510.9927
4.0 41.0   1715.10713
4.0 42.0   364.41835
4.0 43.0   225.08312
4.0 44.0   113.97833
4.0 45.0   3.72632
4.0 46.0   3.74382
4.0 47.0   2.82963
4.0 48.0   260.34986
4.0 49.0   1138.5831
4.0 50.0   456.95627
4.0 51.0   194.12363
4.0 52.0   80.42975
4.0 53.0   15.5385
4.0 54.0   7.17031
4.0 55.0   9.31493
4.0 56.0   80.168
4.0 57.0   199.51706
4.0 58.0   74.82677
4.0 59.0   26.78035
4.0 60.0   8.84508
4.0 61.0   5.69357
4.0 62.0   2.90414
4.0 63.0   2.33145
5.0 0.0    130.39128
5.0 1.0    2046.45518
5.0 2.0    158.91158
5.0 3.0    58.36976
5.0 4.0    54.95258
5.0 5.0    228.80941
5.0 6.0    83.64424
5.0 7.0    78.86359
5.0 8.0    8.68517
5.0 9.0    110.785
5.0 10.0   16.11799
5.0 11.0   0.56144
5.0 12.0   -1.24248
5.0 13.0   -0.08606
5.0 14.0   0.05483
5.0 15.0   -0.0927
5.0 16.0   13.95256
5.0 17.0   6.3354
5.0 18.0   0.35738
5.0 19.0   0.48862
5.0 20.0   0.38311
5.0 21.0   0.0343
5.0 22.0   0.02615
5.0 23.0   0.42119
5.0 24.0   4.66675
5.0 25.0   13.54206
5.0 26.0   3.70021
5.0 27.0   0.67785
5.0 28.0   0.07414
5.0 29.0   -0.03398
5.0 30.0   -0.01858
5.0 31.0   0.0835
5.0 32.0   4.46929
5.0 33.0   6.40915
5.0 34.0   0.7293
5.0 35.0   0.29225
5.0 36.0   0.2287
5.0 37.0   0.16124
5.0 38.0   0.03641
5.0 39.0   0.0274
5.0 40.0   351.06885
5.0 41.0   179.04633
5.0 42.0   11.77241
5.0 43.0   16.24736
5.0 44.0   15.17401
5.0 45.0   9.3265
5.0 46.0   6.93658
5.0 47.0   7.52543
5.0 48.0   97.49778
5.0 49.0   159.61234
5.0 50.0   64.11568
5.0 51.0   13.94441
5.0 52.0   4.76978
5.0 53.0   -0.31653
5.0 54.0   0.5418
5.0 55.0   1.6881
5.0 56.0   17.16762
5.0 57.0   58.22209
5.0 58.0   22.96668
5.0 59.0   7.43421
5.0 60.0   2.69099
5.0 61.0   1.40807
5.0 62.0   0.54194
5.0 63.0   0.31175
6.0 0.0    95.27196
6.0 1.0    972.27089
6.0 2.0    104.34527
6.0 3.0    27.62887
6.0 4.0    23.67961
6.0 5.0    83.64424
6.0 6.0    31.84165
6.0 7.0    31.28217
6.0 8.0    6.38572
6.0 9.0    57.56269
6.0 10.0   9.34404
6.0 11.0   0.5765
6.0 12.0   -0.41111
6.0 13.0   0.00354
6.0 14.0   0.04666
6.0 15.0   0.02677
6.0 16.0   8.11237
6.0 17.0   4.78951
6.0 18.0   0.27524
6.0 19.0   0.19738
6.0 20.0   0.17006
6.0 21.0   0.01384
6.0 22.0   0.01063
6.0 23.0   0.16033
6.0 24.0   3.38667
6.0 25.0   6.39019
6.0 26.0   1.51758
6.0 27.0   0.21929
6.0 28.0   0.02813
6.0 29.0   0.00021
6.0 30.0   -0.01005
6.0 31.0   0.04508
6.0 32.0   2.39828
6.0 33.0   3.04722
6.0 34.0   0.40537
6.0 35.0   0.14534
6.0 36.0   0.09358
6.0 37.0   0.06623
6.0 38.0   0.01392
6.0 39.0   0.01256
6.0 40.0   179.35837
6.0 41.0   124.54751
6.0 42.0   12.95191
6.0 43.0   7.95306
6.0 44.0   6.45266
6.0 45.0   3.78802
6.0 46.0   2.81118
6.0 47.0   3.11594
6.0 48.0   45.41412
6.0 49.0   94.28459
6.0 50.0   35.36231
6.0 51.0   7.43864
6.0 52.0   2.80611
6.0 53.0   -0.15428
6.0 54.0   0.24191
6.0 55.0   0.95041
6.0 56.0   10.06762
6.0 57.0   28.63582
6.0 58.0   10.83162
6.0 59.0   3.68575
6.0 60.0   1.30464
6.0 61.0   0.73486
6.0 62.0   0.25964
6.0 63.0   0.21301
7.0 0.0    118.11424
7.0 1.0    1215.76904
7.0 2.0    142.46094
7.0 3.0    33.23286
7.0 4.0    24.61177
7.0 5.0    78.86359
7.0 6.0    31.28217
7.0 7.0    33.34975
7.0 8.0    6.2017
7.0 9.0    59.89434
7.0 10.0   10.2037
7.0 11.0   0.64391
7.0 12.0   -0.38653
7.0 13.0   -0.022
7.0 14.0   0.0564
7.0 15.0   0.02889
7.0 16.0   7.6979
7.0 17.0   4.23173
7.0 18.0   0.09761
7.0 19.0   0.17264
7.0 20.0   0.15012
7.0 21.0   0.01257
7.0 22.0   0.00875
7.0 23.0   0.15839
7.0 24.0   4.14658
7.0 25.0   5.45627
7.0 26.0   1.22158
7.0 27.0   0.19067
7.0 28.0   0.02665
7.0 29.0   -0.01046
7.0 30.0   -0.00053
7.0 31.0   0.04228
7.0 32.0   2.50221
7.0 33.0   3.1597
7.0 34.0   0.47925
7.0 35.0   0.17999
7.0 36.0   0.08597
7.0 37.0   0.07861
7.0 38.0   0.03255
7.0 39.0   0.01698
7.0 40.0   209.19095
7.0 41.0   156.67864
7.0 42.0   18.90315
7.0 43.0   7.79931
7.0 44.0   6.7045
7.0 45.0   4.05451
7.0 46.0   3.08999
7.0 47.0   3.47994
7.0 48.0   49.40304
7.0 49.0   104.08244
7.0 50.0   40.87761
7.0 51.0    9.92545
7.0 52.0   3.48596
7.0 53.0   -0.23203
7.0 54.0   0.44899
7.0 55.0   1.34807
7.0 56.0   11.08267
7.0 57.0   32.54208
7.0 58.0   12.12651
7.0 59.0   4.07555
7.0 60.0   1.44835
7.0 61.0   0.89724
7.0 62.0   0.41414
7.0 63.0   0.33707
8.0 0.0    3233.47202
8.0 1.0    23606.2096
8.0 2.0    398.29329
8.0 3.0    81.12044
8.0 4.0    57.19751
8.0 5.0    8.68517
8.0 6.0    6.38572
8.0 7.0    6.2017
8.0 8.0    1556.53813
8.0 9.0    2944.12611
8.0 10.0   365.39219
8.0 11.0   79.21697
8.0 12.0   26.10529
8.0 13.0   6.79612
8.0 14.0   3.33934
8.0 15.0   4.25951
8.0 16.0   341.22658
8.0 17.0   289.75042
8.0 18.0   33.7481
8.0 19.0   4.38069
8.0 20.0   1.07521
8.0 21.0   0.11387
8.0 22.0   0.03995
8.0 23.0   0.33908
8.0 24.0   128.3238
8.0 25.0   192.62515
8.0 26.0   60.31663
8.0 27.0   13.84545
8.0 28.0   4.29277
8.0 29.0   1.35185
8.0 30.0   0.68453
8.0 31.0   1.16259
8.0 32.0   46.69532
8.0 33.0   92.68403
8.0 34.0   34.34709
8.0 35.0   9.6751
8.0 36.0   1.89559
8.0 37.0   0.6707
8.0 38.0   0.28184
8.0 39.0   0.08974
8.0 40.0   2393.99669
8.0 41.0   2116.82649
8.0 42.0   186.1478
8.0 43.0   31.42397
8.0 44.0   10.66536
8.0 45.0   1.7975
8.0 46.0   2.72301
8.0 47.0   5.53157
8.0 48.0   142.8865
8.0 49.0   1002.45635
8.0 50.0   394.98616
8.0 51.0   116.28506
8.0 52.0   48.48874
8.0 53.0   12.74052
8.0 54.0   1.7371
8.0 55.0   3.93531
8.0 56.0   116.6473
8.0 57.0   190.78878
8.0 58.0   81.59097
8.0 59.0   23.5162
8.0 60.0   6.15267
8.0 61.0   3.18817
8.0 62.0   0.40629
8.0 63.0   1.67043
9.0 0.0    13764.93515
9.0 1.0    123576.38112
9.0 2.0    2144.71025
9.0 3.0    546.77599
9.0 4.0    545.71501
9.0 5.0    110.785
9.0 6.0    57.56269
9.0 7.0    59.89434
9.0 8.0    2944.12611
9.0 9.0    26200.19742
9.0 10.0   2839.44261
9.0 11.0   655.45531
9.0 12.0   176.50978
9.0 13.0   50.95286
9.0 14.0   26.86196
9.0 15.0   28.83352
9.0 16.0   2443.76194
9.0 17.0   2234.95295
9.0 18.0   230.13811
9.0 19.0   27.60711
9.0 20.0   8.83141
9.0 21.0   0.55142
9.0 22.0   0.1593
9.0 23.0   2.78592
9.0 24.0   847.57129
9.0 25.0   1413.69599
9.0 26.0   432.78608
9.0 27.0   102.29456
9.0 28.0   32.30953
9.0 29.0   10.90277
9.0 30.0   6.00812
9.0 31.0   9.51275
9.0 32.0   328.20033
9.0 33.0   579.6835
9.0 34.0   213.38678
9.0 35.0   61.82974
9.0 36.0   14.23545
9.0 37.0   6.67668
9.0 38.0   5.06164
9.0 39.0   0.91491
9.0 40.0   14148.50021
9.0 41.0   13051.81568
9.0 42.0   1117.226
9.0 43.0   240.56444
9.0 44.0   119.40045
9.0 45.0   14.25095
9.0 46.0   18.93014
9.0 47.0   19.45573
9.0 48.0   2325.642
9.0 49.0   6683.77512
9.0 50.0   2397.60875
9.0 51.0   833.25663
9.0 52.0   341.54102
9.0 53.0   80.89108
9.0 54.0   38.40849
9.0 55.0   67.58249
9.0 56.0   404.35633
9.0 57.0   1170.79466
9.0 58.0   492.10342
9.0 59.0   156.76427
9.0 60.0   46.52004
9.0 61.0   27.14189
9.0 62.0   11.10406
9.0 63.0   14.12748
10.0    0.0   384.0367
10.0    1.0   2703.59259
10.0    2.0   2366.64008
10.0    3.0   48.98227
10.0    4.0   81.24594
10.0    5.0   16.11799
10.0    6.0   9.34404
10.0    7.0   10.2037
10.0    8.0   365.39219
10.0    9.0   2839.44261
10.0    10.0  734.85358
10.0    11.0  112.59099
10.0    12.0  28.39595
10.0    13.0  8.06821
10.0    14.0  4.41626
10.0    15.0  5.05808
10.0    16.0  439.4405
10.0    17.0  387.93952
10.0    18.0  38.96658
10.0    19.0  4.90068
10.0    20.0  1.35136
10.0    21.0  0.09184
10.0    22.0  0.02751
10.0    23.0  0.46384
10.0    24.0  134.51745
10.0    25.0  231.32309
10.0    26.0  68.96922
10.0    27.0  16.64378
10.0    28.0  5.07803
10.0    29.0  1.67235
10.0    30.0  0.9044
10.0    31.0  1.34461
10.0    32.0  48.99729
10.0    33.0  94.87709
10.0    34.0  36.29505
10.0    35.0  10.64282
10.0    36.0  2.55986
10.0    37.0  1.12849
10.0    38.0  0.84623
10.0    39.0  0.2104
10.0    40.0  1520.90436
10.0    41.0  2229.59227
10.0    42.0  387.61827
10.0    43.0  41.47632
10.0    44.0  19.89856
10.0    45.0  2.71683
10.0    46.0  2.71804
10.0    47.0  2.69599
10.0    48.0  468.10498
10.0    49.0  1147.84468
10.0    50.0  409.91305
10.0    51.0  126.11203
10.0    52.0  50.75207
10.0    53.0  11.97425
10.0    54.0  5.3767
10.0    55.0  10.75157
10.0    56.0  68.91102
10.0    57.0  181.04257
10.0    58.0  81.54565
10.0    59.0  25.86438
10.0    60.0  7.53854
10.0    61.0  4.46014
10.0    62.0  1.82524
10.0    63.0  2.69785
11.0    0.0   -14.45087
11.0    1.0   157.39113
11.0    2.0   82.2266
11.0    3.0   134.46719
11.0    4.0   35.88811
11.0    5.0   0.56144
11.0    6.0   0.5765
11.0    7.0   0.64391
11.0    8.0   79.21697
11.0    9.0   655.45531
11.0    10.0  112.59099
11.0    11.0  52.89574
11.0    12.0  6.72024
11.0    13.0  2.18465
11.0    14.0  1.33119
11.0    15.0  1.47181
11.0    16.0  85.90964
11.0    17.0  78.3079
11.0    18.0  9.89694
11.0    19.0  1.37219
11.0    20.0  0.35445
11.0    21.0  0.02532
11.0    22.0  0.00551
11.0    23.0  0.10317
11.0    24.0  30.80691
11.0    25.0  48.43801
11.0    26.0  14.48754
11.0    27.0  3.93609
11.0    28.0  1.35395
11.0    29.0  0.45447
11.0    30.0  0.27382
11.0    31.0  0.44119
11.0    32.0  12.87139
11.0    33.0  19.91485
11.0    34.0  7.00963
11.0    35.0  2.28261
11.0    36.0  0.58002
11.0    37.0  0.28958
11.0    38.0  0.2249
11.0    39.0  0.04527
11.0    40.0  149.08341
11.0    41.0  217.99684
11.0    42.0  73.60533
11.0    43.0  26.89757
11.0    44.0  5.85025
11.0    45.0  0.38101
11.0    46.0  0.48593
11.0    47.0  0.37566
11.0    48.0  86.82063
11.0    49.0  241.79977
11.0    50.0  99.06565
11.0    51.0  39.9879
11.0    52.0  16.83422
11.0    53.0  5.41709
11.0    54.0  2.07295
11.0    55.0  2.73969
11.0    56.0  9.75622
11.0    57.0  38.03025
11.0    58.0  17.90829
11.0    59.0  5.85381
11.0    60.0  1.79818
11.0    61.0  1.03249
11.0    62.0  0.51218
11.0    63.0  0.63663
12.0    0.0   40.66751
12.0    1.0   297.30876
12.0    2.0   -2.66051
12.0    3.0   5.90861
12.0    4.0   3.27254
12.0    5.0   -1.24248
12.0    6.0   -0.41111
12.0    7.0   -0.38653
12.0    8.0   26.10529
12.0    9.0   176.50978
12.0    10.0  28.39595
12.0    11.0  6.72024
12.0    12.0  8.38086
12.0    13.0  1.1394
12.0    14.0  0.31466
12.0    15.0  0.09306
12.0    16.0  21.84036
12.0    17.0  16.49446
12.0    18.0  1.90209
12.0    19.0  0.23426
12.0    20.0  0.07654
12.0    21.0  0.00388
12.0    22.0  -0.00052
12.0    23.0  0.01931
12.0    24.0  7.92253
12.0    25.0  13.54979
12.0    26.0  4.3538
12.0    27.0  1.15009
12.0    28.0  0.37841
12.0    29.0  0.1274
12.0    30.0  0.07389
12.0    31.0  0.09621
12.0    32.0  3.70381
12.0    33.0  7.00188
12.0    34.0  2.54933
12.0    35.0  0.76397
12.0    36.0  0.1492
12.0    37.0  0.07399
12.0    38.0  0.07292
12.0    39.0  0.01478
12.0    40.0  44.37589
12.0    41.0  69.87544
12.0    42.0  6.17139
12.0    43.0  0.07407
12.0    44.0  0.70863
12.0    45.0  -0.01303
12.0    46.0  0.08439
12.0    47.0  -0.01432
12.0    48.0  26.75921
12.0    49.0  78.32185
12.0    50.0  45.72439
12.0    51.0  22.32688
12.0    52.0  8.80847
12.0    53.0  2.12751
12.0    54.0  0.85653
12.0    55.0  0.87184
12.0    56.0  7.11917
12.0    57.0  16.89049
12.0    58.0  6.97752
12.0    59.0  2.09707
12.0    60.0  0.64051
12.0    61.0  0.36574
12.0    62.0  0.21239
12.0    63.0  0.21769
13.0    0.0   5.17756
13.0    1.0   31.22198
13.0    2.0   9.14379
13.0    3.0   2.08423
13.0    4.0   0.88008
13.0    5.0   -0.08606
13.0    6.0   0.00354
13.0    7.0   -0.022
13.0    8.0   6.79612
13.0    9.0   50.95286
13.0    10.0  8.06821
13.0    11.0  2.18465
13.0    12.0  1.1394
13.0    13.0  0.64558
13.0    14.0  0.38938
13.0    15.0  0.3146
13.0    16.0  7.30074
13.0    17.0  5.9199
13.0    18.0  0.64008
13.0    19.0  0.0719
13.0    20.0  0.02735
13.0    21.0  0.00204
13.0    22.0  0.0006
13.0    23.0  0.00607
13.0    24.0  2.36708
13.0    25.0  4.46171
13.0    26.0  1.39602
13.0    27.0  0.34755
13.0    28.0  0.12776
13.0    29.0  0.05028
13.0    30.0  0.01641
13.0    31.0  0.02405
13.0    32.0  1.02105
13.0    33.0  1.59869
13.0    34.0  0.61875
13.0    35.0  0.20464
13.0    36.0  0.03777
13.0    37.0  0.01866
13.0    38.0  0.02111
13.0    39.0  0.00587
13.0    40.0  16.18911
13.0    41.0  21.94941
13.0    42.0  2.99794
13.0    43.0  0.68225
13.0    44.0  0.38373
13.0    45.0  0.01395
13.0    46.0  0.03987
13.0    47.0  0.03045
13.0    48.0  6.85791
13.0    49.0  19.94856
13.0    50.0  10.53742
13.0    51.0  5.36194
13.0    52.0  3.19438
13.0    53.0  1.49001
13.0    54.0  0.49175
13.0    55.0  0.39144
13.0    56.0  1.77686
13.0    57.0  4.09621
13.0    58.0  1.8877
13.0    59.0  0.72054
13.0    60.0  0.27724
13.0    61.0  0.16389
13.0    62.0  0.07582
13.0    63.0  0.09093
14.0    0.0   -1.64731
14.0    1.0   -11.38582
14.0    2.0   6.45383
14.0    3.0   1.90472
14.0    4.0   0.66028
14.0    5.0   0.05483
14.0    6.0   0.04666
14.0    7.0   0.0564
14.0    8.0   3.33934
14.0    9.0   26.86196
14.0    10.0  4.41626
14.0    11.0  1.33119
14.0    12.0  0.31466
14.0    13.0  0.38938
14.0    14.0  0.3081
14.0    15.0  0.30423
14.0    16.0  3.74459
14.0    17.0  3.48614
14.0    18.0  0.36762
14.0    19.0  0.04381
14.0    20.0  0.01264
14.0    21.0  0.0016
14.0    22.0  0.00049
14.0    23.0  0.00389
14.0    24.0  1.25016
14.0    25.0  2.33539
14.0    26.0  0.74297
14.0    27.0  0.19533
14.0    28.0  0.07637
14.0    29.0  0.02462
14.0    30.0  0.00935
14.0    31.0  0.01311
14.0    32.0  0.52977
14.0    33.0  0.8519
14.0    34.0  0.31424
14.0    35.0  0.11807
14.0    36.0  0.01884
14.0    37.0  0.01013
14.0    38.0  0.01162
14.0    39.0  0.00419
14.0    40.0  7.3341
14.0    41.0  10.31891
14.0    42.0  1.80527
14.0    43.0  0.52518
14.0    44.0  0.21647
14.0    45.0  0.00821
14.0    46.0  0.0188
14.0    47.0  0.01898
14.0    48.0  4.07153
14.0    49.0  11.96888
14.0    50.0  5.9531
14.0    51.0  3.04955
14.0    52.0  1.79638
14.0    53.0  0.85109
14.0    54.0  0.27249
14.0    55.0  0.2371
14.0    56.0  0.93444
14.0    57.0  1.97217
14.0    58.0  0.9837
14.0    59.0  0.38008
14.0    60.0  0.14963
14.0    61.0  0.09332
14.0    62.0  0.04254
14.0    63.0  0.06132
15.0    0.0   3.26207
15.0    1.0   -31.71965
15.0    2.0   8.99097
15.0    3.0   1.84606
15.0    4.0   0.1889
15.0    5.0   -0.0927
15.0    6.0   0.02677
15.0    7.0   0.02889
15.0    8.0   4.25951
15.0    9.0   28.83352
15.0    10.0  5.05808
15.0    11.0  1.47181
15.0    12.0  0.09306
15.0    13.0  0.3146
15.0    14.0  0.30423
15.0    15.0  0.4504
15.0    16.0  4.47184
15.0    17.0  4.52642
15.0    18.0  0.49593
15.0    19.0  0.05712
15.0    20.0  0.01312
15.0    21.0  0.0031
15.0    22.0  0.00142
15.0    23.0  0.00535
15.0    24.0  1.62903
15.0    25.0  2.7068
15.0    26.0  0.86225
15.0    27.0  0.21411
15.0    28.0  0.08187
15.0    29.0  0.01883
15.0    30.0  0.0163
15.0    31.0  0.02863
15.0    32.0  0.6634
15.0    33.0  1.20605
15.0    34.0  0.44323
15.0    35.0  0.15909
15.0    36.0  0.02901
15.0    37.0  0.01139
15.0    38.0  0.00559
15.0    39.0  0.00466
15.0    40.0  13.009
15.0    41.0  17.42924
15.0    42.0  3.28917
15.0    43.0  0.72038
15.0    44.0  0.14328
15.0    45.0  0.0091
15.0    46.0  -0.00503
15.0    47.0  0.02073
15.0    48.0  4.83842
15.0    49.0  18.28837
15.0    50.0  6.60853
15.0    51.0  2.21319
15.0    52.0  1.20662
15.0    53.0  0.56752
15.0    54.0  0.17078
15.0    55.0  0.28978
15.0    56.0  1.6004
15.0    57.0  2.43328
15.0    58.0  1.33974
15.0    59.0  0.50442
15.0    60.0  0.19275
15.0    61.0  0.11998
15.0    62.0  0.03027
15.0    63.0  0.09079
16.0    0.0   573.41053
16.0    1.0   5334.70427
16.0    2.0   1983.93249
16.0    3.0   182.35564
16.0    4.0   72.98447
16.0    5.0   13.95256
16.0    6.0   8.11237
16.0    7.0   7.6979
16.0    8.0   341.22658
16.0    9.0   2443.76194
16.0    10.0  439.4405
16.0    11.0  85.90964
16.0    12.0  21.84036
16.0    13.0  7.30074
16.0    14.0  3.74459
16.0    15.0  4.47184
16.0    16.0  791.4994
16.0    17.0  265.87414
16.0    18.0  36.28074
16.0    19.0  3.96591
16.0    20.0  1.04882
16.0    21.0  0.1008
16.0    22.0  0.03255
16.0    23.0  0.36173
16.0    24.0  175.55779
16.0    25.0  303.86155
16.0    26.0  94.96418
16.0    27.0  18.64473
16.0    28.0  4.90712
16.0    29.0  1.52483
16.0    30.0  0.8448
16.0    31.0  1.50926
16.0    32.0  71.69063
16.0    33.0  127.39757
16.0    34.0  52.87416
16.0    35.0  12.04287
16.0    36.0  3.03709
16.0    37.0  1.02203
16.0    38.0  0.57925
16.0    39.0  0.16006
16.0    40.0  2316.13733
16.0    41.0  3372.0362
16.0    42.0  511.05371
16.0    43.0  58.51785
16.0    44.0  19.34234
16.0    45.0  2.15263
16.0    46.0  2.0431
16.0    47.0  2.17718
16.0    48.0  516.37396
16.0    49.0  1609.98956
16.0    50.0  583.13918
16.0    51.0  146.91629
16.0    52.0  57.41509
16.0    53.0  19.62139
16.0    54.0  7.42915
16.0    55.0  12.66882
16.0    56.0  180.21087
16.0    57.0  359.1435
16.0    58.0  148.50919
16.0    59.0  39.17163
16.0    60.0  10.544
16.0    61.0  6.40648
16.0    62.0  2.01954
16.0    63.0  3.62414
17.0    0.0   775.90273
17.0    1.0   5299.49933
17.0    2.0   1653.60516
17.0    3.0   131.45487
17.0    4.0   88.97958
17.0    5.0   6.3354
17.0    6.0   4.78951
17.0    7.0   4.23173
17.0    8.0   289.75042
17.0    9.0   2234.95295
17.0    10.0  387.93952
17.0    11.0  78.3079
17.0    12.0  16.49446
17.0    13.0  5.9199
17.0    14.0  3.48614
17.0    15.0  4.52642
17.0    16.0  265.87414
17.0    17.0  678.45126
17.0    18.0  55.23825
17.0    19.0  4.72869
17.0    20.0  1.19458
17.0    21.0  0.08522
17.0    22.0  0.02622
17.0    23.0  0.28698
17.0    24.0  157.43699
17.0    25.0  270.4315
17.0    26.0  85.27531
17.0    27.0  16.71842
17.0    28.0  4.056
17.0    29.0  1.2771
17.0    30.0  0.72042
17.0    31.0  1.23615
17.0    32.0  70.74586
17.0    33.0  119.85026
17.0    34.0  49.19964
17.0    35.0  10.26807
17.0    36.0  2.67945
17.0    37.0  0.89588
17.0    38.0  0.62415
17.0    39.0  0.17668
17.0    40.0  2174.85331
17.0    41.0  3175.99274
17.0    42.0  464.92476
17.0    43.0  60.62972
17.0    44.0  19.31295
17.0    45.0  1.7926
17.0    46.0  1.94127
17.0    47.0  2.14335
17.0    48.0  470.09183
17.0    49.0  1463.5327
17.0    50.0  547.57667
17.0    51.0  138.87175
17.0    52.0  44.38269
17.0    53.0  11.15056
17.0    54.0  4.51685
17.0    55.0  10.28456
17.0    56.0  137.1004
17.0    57.0  313.32911
17.0    58.0  139.8662
17.0    59.0  37.45722
17.0    60.0  10.51781
17.0    61.0  5.83465
17.0    62.0  1.54099
17.0    63.0  2.68168
18.0    0.0   48.63321
18.0    1.0   280.76101
18.0    2.0   93.15029
18.0    3.0   25.80199
18.0    4.0   14.97655
18.0    5.0   0.35738
18.0    6.0   0.27524
18.0    7.0   0.09761
18.0    8.0   33.7481
18.0    9.0   230.13811
18.0    10.0  38.96658
18.0    11.0  9.89694
18.0    12.0  1.90209
18.0    13.0  0.64008
18.0    14.0  0.36762
18.0    15.0  0.49593
18.0    16.0  36.28074
18.0    17.0  55.23825
18.0    18.0  8.95572
18.0    19.0  0.96205
18.0    20.0  0.1019
18.0    21.0  0.00895
18.0    22.0  0.00271
18.0    23.0  0.03497
18.0    24.0  17.57059
18.0    25.0  28.29942
18.0    26.0  9.20675
18.0    27.0  1.84645
18.0    28.0  0.48176
18.0    29.0  0.13743
18.0    30.0  0.08211
18.0    31.0  0.13892
18.0    32.0  7.57332
18.0    33.0  12.24081
18.0    34.0  4.97471
18.0    35.0  1.0312
18.0    36.0  0.26502
18.0    37.0  0.08368
18.0    38.0  0.0743
18.0    39.0  0.0185
18.0    40.0  174.32725
18.0    41.0  243.32218
18.0    42.0  44.09828
18.0    43.0  8.83921
18.0    44.0  2.12074
18.0    45.0  -0.0029
18.0    46.0  0.06533
18.0    47.0  0.09286
18.0    48.0  44.99978
18.0    49.0  146.25727
18.0    50.0  52.07821
18.0    51.0  13.82123
18.0    52.0  4.28134
18.0    53.0  1.05343
18.0    54.0  0.36917
18.0    55.0  0.80525
18.0    56.0  13.58621
18.0    57.0  30.48561
18.0    58.0  13.62742
18.0    59.0  3.41068
18.0    60.0  0.86321
18.0    61.0  0.4536
18.0    62.0  0.09917
18.0    63.0  0.21832
19.0    0.0   -0.31475
19.0    1.0   -24.35295
19.0    2.0   -0.60107
19.0    3.0   4.05093
19.0    4.0   2.6453
19.0    5.0   0.48862
19.0    6.0   0.19738
19.0    7.0   0.17264
19.0    8.0   4.38069
19.0    9.0   27.60711
19.0    10.0  4.90068
19.0    11.0  1.37219
19.0    12.0  0.23426
19.0    13.0  0.0719
19.0    14.0  0.04381
19.0    15.0  0.05712
19.0    16.0  3.96591
19.0    17.0  4.72869
19.0    18.0  0.96205
19.0    19.0  0.252
19.0    20.0  0.02401
19.0    21.0  0.00136
19.0    22.0  0.00039
19.0    23.0  0.00577
19.0    24.0  1.90725
19.0    25.0  2.62702
19.0    26.0  0.87736
19.0    27.0  0.20066
19.0    28.0  0.0578
19.0    29.0  0.01917
19.0    30.0  0.01083
19.0    31.0  0.01913
19.0    32.0  0.71565
19.0    33.0  1.06344
19.0    34.0  0.41704
19.0    35.0  0.10509
19.0    36.0  0.02865
19.0    37.0  0.0108
19.0    38.0  0.00764
19.0    39.0  0.00207
19.0    40.0  5.63756
19.0    41.0  11.35859
19.0    42.0  3.47534
19.0    43.0  1.24589
19.0    44.0  0.31602
19.0    45.0  0.0459
19.0    46.0  0.01524
19.0    47.0  0.00862
19.0    48.0  2.77375
19.0    49.0  9.29209
19.0    50.0  2.95143
19.0    51.0  1.04018
19.0    52.0  0.38137
19.0    53.0  0.10109
19.0    54.0  0.01152
19.0    55.0  0.02361
19.0    56.0  0.83895
19.0    57.0  1.85319
19.0    58.0  0.8759
19.0    59.0  0.19496
19.0    60.0  0.03321
19.0    61.0  0.00771
19.0    62.0  -0.00989
19.0    63.0  0.0032
20.0    0.0   4.82516
20.0    1.0   21.97782
20.0    2.0   1.41785
20.0    3.0   0.95765
20.0    4.0   0.61755
20.0    5.0   0.38311
20.0    6.0   0.17006
20.0    7.0   0.15012
20.0    8.0   1.07521
20.0    9.0   8.83141
20.0    10.0  1.35136
20.0    11.0  0.35445
20.0    12.0  0.07654
20.0    13.0  0.02735
20.0    14.0  0.01264
20.0    15.0  0.01312
20.0    16.0  1.04882
20.0    17.0  1.19458
20.0    18.0  0.1019
20.0    19.0  0.02401
20.0    20.0  0.03948
20.0    21.0  0.00334
20.0    22.0  0.00105
20.0    23.0  0.00344
20.0    24.0  0.33345
20.0    25.0  0.68244
20.0    26.0  0.19503
20.0    27.0  0.04458
20.0    28.0  0.01443
20.0    29.0  0.00773
20.0    30.0  0.00094
20.0    31.0  0.00413
20.0    32.0  0.21962
20.0    33.0  0.21361
20.0    34.0  0.0738
20.0    35.0  0.02416
20.0    36.0  0.00372
20.0    37.0  0.00208
20.0    38.0  0.00145
20.0    39.0  0.00033
20.0    40.0  4.52258
20.0    41.0  6.48364
20.0    42.0  0.90493
20.0    43.0  0.31259
20.0    44.0  0.14902
20.0    45.0  0.0343
20.0    46.0  0.03116
20.0    47.0  0.03192
20.0    48.0  1.96375
20.0    49.0  5.39644
20.0    50.0  1.74366
20.0    51.0  0.56388
20.0    52.0  0.28609
20.0    53.0  0.05275
20.0    54.0  0.02933
20.0    55.0  0.05448
20.0    56.0  0.31716
20.0    57.0  0.9932
20.0    58.0  0.34872
20.0    59.0  0.13032
20.0    60.0  0.04056
20.0    61.0  0.0253
20.0    62.0  0.01004
20.0    63.0  0.01
21.0    0.0   0.27599
21.0    1.0   -1.58108
21.0    2.0   -0.30873
21.0    3.0   -0.01566
21.0    4.0   0.00014
21.0    5.0   0.0343
21.0    6.0   0.01384
21.0    7.0   0.01257
21.0    8.0   0.11387
21.0    9.0   0.55142
21.0    10.0  0.09184
21.0    11.0  0.02532
21.0    12.0  0.00388
21.0    13.0  0.00204
21.0    14.0  0.0016
21.0    15.0  0.0031
21.0    16.0  0.1008
21.0    17.0  0.08522
21.0    18.0  0.00895
21.0    19.0  0.00136
21.0    20.0  0.00334
21.0    21.0  0.00089
21.0    22.0  0.00033
21.0    23.0  0.00045
21.0    24.0  0.02244
21.0    25.0  0.04056
21.0    26.0  0.01475
21.0    27.0  0.00422
21.0    28.0  0.00145
21.0    29.0  0.00049
21.0    30.0  0.00037
21.0    31.0  0.00083
21.0    32.0  0.0145
21.0    33.0  0.02165
21.0    34.0  0.00904
21.0    35.0  0.00336
21.0    36.0  0.00067
21.0    37.0  0.0002
21.0    38.0  -0.00013
21.0    39.0  4e-05
21.0    40.0  0.11238
21.0    41.0  0.2029
21.0    42.0  0.02977
21.0    43.0  0.02256
21.0    44.0  0.00048
21.0    45.0  0.0021
21.0    46.0  0.0015
21.0    47.0  0.00339
21.0    48.0  0.05949
21.0    49.0  0.30421
21.0    50.0  0.06898
21.0    51.0  0.03241
21.0    52.0  0.0193
21.0    53.0  0.00962
21.0    54.0  0.00148
21.0    55.0  0.00418
21.0    56.0  -0.01168
21.0    57.0  0.02238
21.0    58.0  0.01987
21.0    59.0  0.00697
21.0    60.0  0.00197
21.0    61.0  0.00132
21.0    62.0  0.00012
21.0    63.0  0.00198
22.0    0.0   0.17567
22.0    1.0   -0.96075
22.0    2.0   -0.14539
22.0    3.0   -0.01861
22.0    4.0   0.00159
22.0    5.0   0.02615
22.0    6.0   0.01063
22.0    7.0   0.00875
22.0    8.0   0.03995
22.0    9.0   0.1593
22.0    10.0  0.02751
22.0    11.0  0.00551
22.0    12.0  -0.00052
22.0    13.0  0.0006
22.0    14.0  0.00049
22.0    15.0  0.00142
22.0    16.0  0.03255
22.0    17.0  0.02622
22.0    18.0  0.00271
22.0    19.0  0.00039
22.0    20.0  0.00105
22.0    21.0  0.00033
22.0    22.0  0.00017
22.0    23.0  0.00026
22.0    24.0  0.00641
22.0    25.0  0.01164
22.0    26.0  0.00491
22.0    27.0  0.00116
22.0    28.0  0.00038
22.0    29.0  0.00026
22.0    30.0  0.00017
22.0    31.0  0.00048
22.0    32.0  0.00802
22.0    33.0  0.00775
22.0    34.0  0.0024
22.0    35.0  0.00097
22.0    36.0  0.00016
22.0    37.0  -2e-05
22.0    38.0  -0.00021
22.0    39.0  -1e-05
22.0    40.0  0.11355
22.0    41.0  0.03483
22.0    42.0  0.00962
22.0    43.0  0.01313
22.0    44.0  0.00016
22.0    45.0  0.00126
22.0    46.0  0.00044
22.0    47.0  0.00163
22.0    48.0  0.03166
22.0    49.0  0.12093
22.0    50.0  0.02426
22.0    51.0  0.01405
22.0    52.0  0.01102
22.0    53.0  0.00598
22.0    54.0  0.00016
22.0    55.0  0.0006
22.0    56.0  0.00666
22.0    57.0  0.00691
22.0    58.0  0.00764
22.0    59.0  0.00363
22.0    60.0  0.00129
22.0    61.0  0.00055
22.0    62.0  -0.00043
22.0    63.0  0.00081
23.0    0.0   0.46463
23.0    1.0   4.39359
23.0    2.0   0.27271
23.0    3.0   0.17401
23.0    4.0   0.21222
23.0    5.0   0.42119
23.0    6.0   0.16033
23.0    7.0   0.15839
23.0    8.0   0.33908
23.0    9.0   2.78592
23.0    10.0  0.46384
23.0    11.0  0.10317
23.0    12.0  0.01931
23.0    13.0  0.00607
23.0    14.0  0.00389
23.0    15.0  0.00535
23.0    16.0  0.36173
23.0    17.0  0.28698
23.0    18.0  0.03497
23.0    19.0  0.00577
23.0    20.0  0.00344
23.0    21.0  0.00045
23.0    22.0  0.00026
23.0    23.0  0.00323
23.0    24.0  0.08992
23.0    25.0  0.19991
23.0    26.0    0.06685
23.0    27.0  0.01723
23.0    28.0  0.00508
23.0    29.0  0.00168
23.0    30.0  0.00161
23.0    31.0  0.00297
23.0    32.0  0.07698
23.0    33.0  0.06799
23.0    34.0  0.02199
23.0    35.0  0.00855
23.0    36.0  0.00233
23.0    37.0  0.00118
23.0    38.0  0.00047
23.0    39.0  0.0002
23.0    40.0  1.37715
23.0    41.0  0.91352
23.0    42.0  0.20536
23.0    43.0  0.07772
23.0    44.0  0.04395
23.0    45.0  0.02189
23.0    46.0  0.01614
23.0    47.0  0.01915
23.0    48.0  0.44954
23.0    49.0  0.89491
23.0    50.0  0.33518
23.0    51.0  0.13556
23.0    52.0  0.0511
23.0    53.0  0.00941
23.0    54.0  0.00154
23.0    55.0  0.00548
23.0    56.0  0.06322
23.0    57.0  0.18112
23.0    58.0  0.07698
23.0    59.0  0.01946
23.0    60.0  0.00378
23.0    61.0  0.00259
23.0    62.0  0.00059
23.0    63.0  0.00235
24.0    0.0   377.00224
24.0    1.0   2221.50758
24.0    2.0   574.4876
24.0    3.0   122.18172
24.0    4.0   29.55963
24.0    5.0   4.66675
24.0    6.0   3.38667
24.0    7.0   4.14658
24.0    8.0   128.3238
24.0    9.0   847.57129
24.0    10.0  134.51745
24.0    11.0  30.80691
24.0    12.0  7.92253
24.0    13.0  2.36708
24.0    14.0  1.25016
24.0    15.0  1.62903
24.0    16.0  175.55779
24.0    17.0  157.43699
24.0    18.0  17.57059
24.0    19.0  1.90725
24.0    20.0  0.33345
24.0    21.0  0.02244
24.0    22.0  0.00641
24.0    23.0  0.08992
24.0    24.0  164.65634
24.0    25.0  100.51674
24.0    26.0  33.78463
24.0    27.0  6.48185
24.0    28.0  1.63425
24.0    29.0  0.43556
24.0    30.0  0.32411
24.0    31.0  0.55014
24.0    32.0  29.59442
24.0    33.0  52.7566
24.0    34.0  21.27596
24.0    35.0  4.53328
24.0    36.0  1.13017
24.0    37.0  0.37425
24.0    38.0  0.18337
24.0    39.0  0.07135
24.0    40.0  795.84792
24.0    41.0  973.31855
24.0    42.0  148.84485
24.0    43.0  20.96656
24.0    44.0  7.34115
24.0    45.0  0.79102
24.0    46.0  0.99223
24.0    47.0  1.61618
24.0    48.0  370.77785
24.0    49.0  970.38314
24.0    50.0  362.27786
24.0    51.0  71.86894
24.0    52.0  22.06613
24.0    53.0  6.37235
24.0    54.0  2.25595
24.0    55.0  4.58833
24.0    56.0  126.71131
24.0    57.0  208.74522
24.0    58.0  77.75264
24.0    59.0  17.90904
24.0    60.0  4.14289
24.0    61.0  2.40326
24.0    62.0  0.71279
24.0    63.0  1.44989
25.0    0.0   367.01567
25.0    1.0   2495.35753
25.0    2.0   710.72696
25.0    3.0   155.75528
25.0    4.0   29.9489
25.0    5.0   13.54206
25.0    6.0   6.39019
25.0    7.0   5.45627
25.0    8.0   192.62515
25.0    9.0   1413.69599
25.0    10.0  231.32309
25.0    11.0  48.43801
25.0    12.0  13.54979
25.0    13.0  4.46171
25.0    14.0  2.33539
25.0    15.0  2.7068
25.0    16.0  303.86155
25.0    17.0  270.4315
25.0    18.0  28.29942
25.0    19.0  2.62702
25.0    20.0  0.68244
25.0    21.0  0.04056
25.0    22.0  0.01164
25.0    23.0  0.19991
25.0    24.0  100.51674
25.0    25.0  301.85139
25.0    26.0  84.51757
25.0    27.0  14.11045
25.0    28.0  2.83544
25.0    29.0  0.85035
25.0    30.0  0.41733
25.0    31.0  0.65317
25.0    32.0  52.07935
25.0    33.0  86.37508
25.0    34.0  35.95707
25.0    35.0  7.31211
25.0    36.0  1.80591
25.0    37.0  0.53049
25.0    38.0  0.35575
25.0    39.0  0.09987
25.0    40.0  1057.43608
25.0    41.0  1598.16825
25.0    42.0  199.38393
25.0    43.0  31.29313
25.0    44.0  9.35367
25.0    45.0  2.09256
25.0    46.0  1.59264
25.0    47.0  1.7
25.0    48.0  475.7586
25.0    49.0  1318.83214
25.0    50.0  485.38436
25.0    51.0  117.80464
25.0    52.0  39.11857
25.0    53.0  10.10104
25.0    54.0  3.94917
25.0    55.0  6.83516
25.0    56.0  186.45131
25.0    57.0  309.87132
25.0    58.0  114.19998
25.0    59.0  25.69539
25.0    60.0  6.16918
25.0    61.0  3.49537
25.0    62.0  1.02123
25.0    63.0  1.945
26.0    0.0   65.39231
26.0    1.0   355.87792
26.0    2.0   140.83188
26.0    3.0   42.3127
26.0    4.0   4.25385
26.0    5.0   3.70021
26.0    6.0   1.51758
26.0    7.0   1.22158
26.0    8.0   60.31663
26.0    9.0   432.78608
26.0    10.0  68.96922
26.0    11.0  14.48754
26.0    12.0  4.3538
26.0    13.0  1.39602
26.0    14.0  0.74297
26.0    15.0  0.86225
26.0    16.0  94.96418
26.0    17.0  85.27531
26.0    18.0  9.20675
26.0    19.0  0.87736
26.0    20.0  0.19503
26.0    21.0  0.01475
26.0    22.0  0.00491
26.0    23.0  0.06685
26.0    24.0  33.78463
26.0    25.0  84.51757
26.0    26.0  29.39799
26.0    27.0  5.53712
26.0    28.0  1.03758
26.0    29.0  0.28818
26.0    30.0  0.13552
26.0    31.0  0.19764
26.0    32.0  16.13702
26.0    33.0  28.85132
26.0    34.0  12.2654
26.0    35.0  2.55508
26.0    36.0  0.59045
26.0    37.0  0.16416
26.0    38.0  0.11202
26.0    39.0  0.03146
26.0    40.0  292.05697
26.0    41.0  432.10142
26.0    42.0  56.83621
26.0    43.0  7.29127
26.0    44.0  1.97569
26.0    45.0  0.4379
26.0    46.0  0.32306
26.0    47.0  0.35472
26.0    48.0  111.04546
26.0    49.0  321.22146
26.0    50.0  136.25294
26.0    51.0  42.62705
26.0    52.0  14.09343
26.0    53.0  4.12971
26.0    54.0  1.3749
26.0    55.0  1.75994
26.0    56.0  56.49748
26.0    57.0  96.99327
26.0    58.0  36.90934
26.0    59.0  7.96429
26.0    60.0  1.87667
26.0    61.0  0.96501
26.0    62.0  0.2668
26.0    63.0  0.57121
27.0    0.0   7.051
27.0    1.0   34.77365
27.0    2.0   21.19687
27.0    3.0   8.77575
27.0    4.0   0.95755
27.0    5.0   0.67785
27.0    6.0   0.21929
27.0    7.0   0.19067
27.0    8.0   13.84545
27.0    9.0   102.29456
27.0    10.0  16.64378
27.0    11.0  3.93609
27.0    12.0  1.15009
27.0    13.0  0.34755
27.0    14.0  0.19533
27.0    15.0  0.21411
27.0    16.0  18.64473
27.0    17.0  16.71842
27.0    18.0  1.84645
27.0    19.0  0.20066
27.0    20.0  0.04458
27.0    21.0  0.00422
27.0    22.0  0.00116
27.0    23.0  0.01723
27.0    24.0  6.48185
27.0    25.0  14.11045
27.0    26.0  5.53712
27.0    27.0  1.48114
27.0    28.0  0.32639
27.0    29.0  0.08162
27.0    30.0  0.0412
27.0    31.0  0.05474
27.0    32.0  3.03756
27.0    33.0  5.55494
27.0    34.0  2.33487
27.0    35.0  0.5753
27.0    36.0  0.11918
27.0    37.0  0.04147
27.0    38.0  0.03646
27.0    39.0  0.00916
27.0    40.0  45.13317
27.0    41.0  68.82802
27.0    42.0  9.69847
27.0    43.0  1.15002
27.0    44.0  0.35727
27.0    45.0  0.03319
27.0    46.0  0.06239
27.0    47.0  0.07386
27.0    48.0  17.70351
27.0    49.0  57.02722
27.0    50.0  27.13433
27.0    51.0  11.16398
27.0    52.0  4.21206
27.0    53.0  1.32745
27.0    54.0  0.4269
27.0    55.0  0.42222
27.0    56.0  8.60627
27.0    57.0  17.24187
27.0    58.0  6.72701
27.0    59.0  1.49236
27.0    60.0  0.35441
27.0    61.0  0.18376
27.0    62.0  0.06897
27.0    63.0  0.11976
28.0    0.0   2.34586
28.0    1.0   20.50903
28.0    2.0   1.93585
28.0    3.0   1.14581
28.0    4.0   0.60424
28.0    5.0   0.07414
28.0    6.0   0.02813
28.0    7.0   0.02665
28.0    8.0   4.29277
28.0    9.0   32.30953
28.0    10.0  5.07803
28.0    11.0  1.35395
28.0    12.0  0.37841
28.0    13.0  0.12776
28.0    14.0  0.07637
28.0    15.0  0.08187
28.0    16.0  4.90712
28.0    17.0  4.056
28.0    18.0  0.48176
28.0    19.0  0.0578
28.0    20.0  0.01443
28.0    21.0  0.00145
28.0    22.0  0.00038
28.0    23.0  0.00508
28.0    24.0  1.63425
28.0    25.0  2.83544
28.0    26.0  1.03758
28.0    27.0  0.32639
28.0    28.0  0.1555
28.0    29.0  0.03834
28.0    30.0  0.0203
28.0    31.0  0.03179
28.0    32.0  0.78395
28.0    33.0  1.33451
28.0    34.0  0.53271
28.0    35.0  0.15252
28.0    36.0  0.03432
28.0    37.0  0.01371
28.0    38.0  0.01076
28.0    39.0  0.00334
28.0    40.0  11.50247
28.0    41.0  16.6868
28.0    42.0  2.66517
28.0    43.0  0.47644
28.0    44.0  0.13273
28.0    45.0  -0.00384
28.0    46.0  0.00906
28.0    47.0  0.02153
28.0    48.0  5.03548
28.0    49.0  16.56631
28.0    50.0  7.74458
28.0    51.0  3.69386
28.0    52.0  1.7355
28.0    53.0  0.6973
28.0    54.0  0.19682
28.0    55.0  0.17105
28.0    56.0  1.07952
28.0    57.0  3.11778
28.0    58.0  1.48991
28.0    59.0  0.41936
28.0    60.0  0.12096
28.0    61.0  0.06849
28.0    62.0  0.02613
28.0    63.0  0.04944
29.0    0.0   -0.11392
29.0    1.0   2.24211
29.0    2.0   -0.99556
29.0    3.0   0.25872
29.0    4.0   0.19008
29.0    5.0   -0.03398
29.0    6.0   0.00021
29.0    7.0   -0.01046
29.0    8.0   1.35185
29.0    9.0   10.90277
29.0    10.0  1.67235
29.0    11.0  0.45447
29.0    12.0  0.1274
29.0    13.0  0.05028
29.0    14.0  0.02462
29.0    15.0  0.01883
29.0    16.0  1.52483
29.0    17.0  1.2771
29.0    18.0  0.13743
29.0    19.0  0.01917
29.0    20.0  0.00773
29.0    21.0  0.00049
29.0    22.0  0.00026
29.0    23.0  0.00168
29.0    24.0  0.43556
29.0    25.0  0.85035
29.0    26.0  0.28818
29.0    27.0  0.08162
29.0    28.0  0.03834
29.0    29.0  0.02961
29.0    30.0  0.01548
29.0    31.0  0.02449
29.0    32.0  0.20219
29.0    33.0  0.3569
29.0    34.0  0.14341
29.0    35.0  0.04293
29.0    36.0  0.00986
29.0    37.0  0.00414
29.0    38.0  0.00381
29.0    39.0  0.00107
29.0    40.0  2.78294
29.0    41.0  3.86638
29.0    42.0  0.69933
29.0    43.0  0.21839
29.0    44.0  0.0621
29.0    45.0  -9e-05
29.0    46.0  0.0011
29.0    47.0  0.00387
29.0    48.0  1.1566
29.0    49.0  4.41816
29.0    50.0  2.21708
29.0    51.0  1.34978
29.0    52.0  0.82527
29.0    53.0  0.38585
29.0    54.0  0.10637
29.0    55.0  0.06673
29.0    56.0  0.30189
29.0    57.0  0.80629
29.0    58.0  0.38374
29.0    59.0  0.1513
29.0    60.0  0.05787
29.0    61.0  0.03114
29.0    62.0  0.0111
29.0    63.0  0.01984
30.0    0.0   0.82126
30.0    1.0   -1.23558
30.0    2.0   -0.62051
30.0    3.0   0.34762
30.0    4.0   0.08357
30.0    5.0   -0.01858
30.0    6.0   -0.01005
30.0    7.0   -0.00053
30.0    8.0   0.68453
30.0    9.0   6.00812
30.0    10.0  0.9044
30.0    11.0  0.27382
30.0    12.0  0.07389
30.0    13.0  0.01641
30.0    14.0  0.00935
30.0    15.0  0.0163
30.0    16.0  0.8448
30.0    17.0  0.72042
30.0    18.0  0.08211
30.0    19.0  0.01083
30.0    20.0  0.00094
30.0    21.0  0.00037
30.0    22.0  0.00017
30.0    23.0  0.00161
30.0    24.0  0.32411
30.0    25.0  0.41733
30.0    26.0  0.13552
30.0    27.0  0.0412
30.0    28.0  0.0203
30.0    29.0  0.01548
30.0    30.0  0.02681
30.0    31.0  0.03823
30.0    32.0  0.06542
30.0    33.0  0.23917
30.0    34.0  0.10225
30.0    35.0  0.03487
30.0    36.0  0.00852
30.0    37.0  0.0037
30.0    38.0  0.00222
30.0    39.0  0.00111
30.0    40.0  1.50738
30.0    41.0  2.54277
30.0    42.0  0.55176
30.0    43.0  0.10559
30.0    44.0  0.00881
30.0    45.0  -0.0056
30.0    46.0  -0.0086
30.0    47.0  -0.00763
30.0    48.0  1.2532
30.0    49.0  2.52524
30.0    50.0  0.8445
30.0    51.0  0.39203
30.0    52.0  0.22319
30.0    53.0  0.12015
30.0    54.0  0.02978
30.0    55.0  0.03951
30.0    56.0  0.18057
30.0    57.0  0.43221
30.0    58.0  0.23902
30.0    59.0  0.07128
30.0    60.0  0.02445
30.0    61.0  0.01494
30.0    62.0  0.00536
30.0    63.0  0.01671
31.0    0.0   3.36669
31.0    1.0   8.23237
31.0    2.0   0.53197
31.0    3.0   0.7483
31.0    4.0   0.33535
31.0    5.0   0.0835
31.0    6.0   0.04508
31.0    7.0   0.04228
31.0    8.0   1.16259
31.0    9.0   9.51275
31.0    10.0  1.34461
31.0    11.0  0.44119
31.0    12.0  0.09621
31.0    13.0  0.02405
31.0    14.0  0.01311
31.0    15.0  0.02863
31.0    16.0  1.50926
31.0    17.0  1.23615
31.0    18.0  0.13892
31.0    19.0  0.01913
31.0    20.0  0.00413
31.0    21.0  0.00083
31.0    22.0  0.00048
31.0    23.0  0.00297
31.0    24.0  0.55014
31.0    25.0  0.65317
31.0    26.0  0.19764
31.0    27.0  0.05474
31.0    28.0  0.03179
31.0    29.0  0.02449
31.0    30.0  0.03823
31.0    31.0  0.07592
31.0    32.0  0.15859
31.0    33.0  0.37999
31.0    34.0  0.15226
31.0    35.0  0.05523
31.0    36.0  0.01505
31.0    37.0  0.00636
31.0    38.0  0.0029
31.0    39.0  0.00205
31.0    40.0  6.27047
31.0    41.0  7.88946
31.0    42.0  1.46713
31.0    43.0  0.32549
31.0    44.0  0.0741
31.0    45.0  0.00297
31.0    46.0  -0.00971
31.0    47.0  -0.0072
31.0    48.0  2.90956
31.0    49.0  7.00189
31.0    50.0  1.72997
31.0    51.0  0.55081
31.0    52.0  0.36105
31.0    53.0  0.1837
31.0    54.0  0.03594
31.0    55.0  0.06962
31.0    56.0  0.52344
31.0    57.0  1.0855
31.0    58.0  0.52984
31.0    59.0  0.18192
31.0    60.0  0.0576
31.0    61.0  0.03251
31.0    62.0  0.00442
31.0    63.0  0.02569
32.0    0.0   86.8819
32.0    1.0   756.60357
32.0    2.0   103.70221
32.0    3.0   37.51907
32.0    4.0   24.18371
32.0    5.0   4.46929
32.0    6.0   2.39828
32.0    7.0   2.50221
32.0    8.0   46.69532
32.0    9.0   328.20033
32.0    10.0  48.99729
32.0    11.0  12.87139
32.0    12.0  3.70381
32.0    13.0  1.02105
32.0    14.0  0.52977
32.0    15.0  0.6634
32.0    16.0  71.69063
32.0    17.0  70.74586
32.0    18.0  7.57332
32.0    19.0  0.71565
32.0    20.0  0.21962
32.0    21.0  0.0145
32.0    22.0  0.00802
32.0    23.0  0.07698
32.0    24.0  29.59442
32.0    25.0  52.07935
32.0    26.0  16.13702
32.0    27.0  3.03756
32.0    28.0  0.78395
32.0    29.0  0.20219
32.0    30.0  0.06542
32.0    31.0  0.15859
32.0    32.0  48.04933
32.0    33.0  10.1092
32.0    34.0  3.41185
32.0    35.0  0.6602
32.0    36.0  0.38779
32.0    37.0  0.1116
32.0    38.0  0.04958
32.0    39.0  0.0374
32.0    40.0  346.07517
32.0    41.0  442.67353
32.0    42.0  68.78997
32.0    43.0  13.04537
32.0    44.0  3.98184
32.0    45.0  0.66084
32.0    46.0  0.57862
32.0    47.0  0.88331
32.0    48.0  121.07887
32.0    49.0  356.1566
32.0    50.0  145.71662
32.0    51.0  50.31708
32.0    52.0  16.81964
32.0    53.0  4.19426
32.0    54.0  1.25044
32.0    55.0  1.93962
32.0    56.0  38.87112
32.0    57.0  82.92484
32.0    58.0  34.41467
32.0    59.0  8.7842
32.0    60.0  2.25933
32.0    61.0  1.25928
32.0    62.0  0.3371
32.0    63.0  0.72011
33.0    0.0   238.8742
33.0    1.0   1738.54641
33.0    2.0   309.63421
33.0    3.0   51.55653
33.0    4.0   29.90131
33.0    5.0   6.40915
33.0    6.0   3.04722
33.0    7.0   3.1597
33.0    8.0   92.68403
33.0    9.0   579.6835
33.0    10.0  94.87709
33.0    11.0  19.91485
33.0    12.0  7.00188
33.0    13.0  1.59869
33.0    14.0  0.8519
33.0    15.0  1.20605
33.0    16.0  127.39757
33.0    17.0  119.85026
33.0    18.0  12.24081
33.0    19.0  1.06344
33.0    20.0  0.21361
33.0    21.0  0.02165
33.0    22.0  0.00775
33.0    23.0  0.06799
33.0    24.0  52.7566
33.0    25.0  86.37508
33.0    26.0  28.85132
33.0    27.0  5.55494
33.0    28.0  1.33451
33.0    29.0  0.3569
33.0    30.0  0.23917
33.0    31.0  0.37999
33.0    32.0  10.1092
33.0    33.0  61.22284
33.0    34.0  22.58124
33.0    35.0  4.37023
33.0    36.0  0.83473
33.0    37.0  0.25553
33.0    38.0  0.12703
33.0    39.0  0.04381
33.0    40.0  628.48807
33.0    41.0  856.84306
33.0    42.0  107.80588
33.0    43.0  14.58552
33.0    44.0  5.41143
33.0    45.0  0.44156
33.0    46.0  0.66213
33.0    47.0  0.88126
33.0    48.0  187.0355
33.0    49.0  594.91053
33.0    50.0  254.03922
33.0    51.0  79.62036
33.0    52.0  25.08692
33.0    53.0  5.54265
33.0    54.0  2.25071
33.0    55.0  4.22071
33.0    56.0  70.98216
33.0    57.0  148.27248
33.0    58.0  60.74056
33.0    59.0  15.60246
33.0    60.0  4.24031
33.0    61.0  2.34806
33.0    62.0  0.7269
33.0    63.0  1.21861
34.0    0.0   65.32312
34.0    1.0   494.90385
34.0    2.0   108.77006
34.0    3.0   11.87918
34.0    4.0   9.12787
34.0    5.0   0.7293
34.0    6.0   0.40537
34.0    7.0   0.47925
34.0    8.0   34.34709
34.0    9.0   213.38678
34.0    10.0  36.29505
34.0    11.0  7.00963
34.0    12.0  2.54933
34.0    13.0  0.61875
34.0    14.0  0.31424
34.0    15.0  0.44323
34.0    16.0  52.87416
34.0    17.0  49.19964
34.0    18.0  4.97471
34.0    19.0  0.41704
34.0    20.0  0.0738
34.0    21.0  0.00904
34.0    22.0  0.0024
34.0    23.0  0.02199
34.0    24.0  21.27596
34.0    25.0  35.95707
34.0    26.0  12.2654
34.0    27.0  2.33487
34.0    28.0  0.53271
34.0    29.0  0.14341
34.0    30.0  0.10225
34.0    31.0  0.15226
34.0    32.0  3.41185
34.0    33.0  22.58124
34.0    34.0  10.11485
34.0    35.0  2.23778
34.0    36.0  0.4633
34.0    37.0  0.14651
34.0    38.0  0.06204
34.0    39.0  0.02188
34.0    40.0  230.32963
34.0    41.0  320.22422
34.0    42.0  41.23335
34.0    43.0  4.64117
34.0    44.0  1.38254
34.0    45.0  0.09722
34.0    46.0  0.12068
34.0    47.0  0.17676
34.0    48.0  63.26233
34.0    49.0  217.80369
34.0    50.0  93.65879
34.0    51.0  29.7715
34.0    52.0  9.26046
34.0    53.0  2.34904
34.0    54.0  0.88396
34.0    55.0  1.53501
34.0    56.0  25.59093
34.0    57.0  55.51502
34.0    58.0  23.46965
34.0    59.0  5.73702
34.0    60.0  1.5327
34.0    61.0  0.83373
34.0    62.0  0.2354
34.0    63.0  0.46467
35.0    0.0   15.75736
35.0    1.0   112.96922
35.0    2.0   22.87812
35.0    3.0   3.38468
35.0    4.0   2.13931
35.0    5.0   0.29225
35.0    6.0   0.14534
35.0    7.0   0.17999
35.0    8.0   9.6751
35.0    9.0   61.82974
35.0    10.0  10.64282
35.0    11.0  2.28261
35.0    12.0  0.76397
35.0    13.0  0.20464
35.0    14.0  0.11807
35.0    15.0  0.15909
35.0    16.0  12.04287
35.0    17.0  10.26807
35.0    18.0  1.0312
35.0    19.0  0.10509
35.0    20.0  0.02416
35.0    21.0  0.00336
35.0    22.0  0.00097
35.0    23.0  0.00855
35.0    24.0  4.53328
35.0    25.0  7.31211
35.0    26.0  2.55508
35.0    27.0  0.5753
35.0    28.0  0.15252
35.0    29.0  0.04293
35.0    30.0  0.03487
35.0    31.0  0.05523
35.0    32.0  0.6602
35.0    33.0  4.37023
35.0    34.0  2.23778
35.0    35.0  0.74988
35.0    36.0  0.14005
35.0    37.0  0.0559
35.0    38.0  0.02759
35.0    39.0  0.01054
35.0    40.0  46.76142
35.0    41.0  61.57296
35.0    42.0  8.36721
35.0    43.0  0.96857
35.0    44.0  0.31889
35.0    45.0  0.02926
35.0    46.0  0.01657
35.0    47.0  0.02828
35.0    48.0  13.42605
35.0    49.0  47.50566
35.0    50.0  20.35666
35.0    51.0  7.63433
35.0    52.0  2.88516
35.0    53.0  0.82934
35.0    54.0  0.27979
35.0    55.0  0.46862
35.0    56.0  5.11655
35.0    57.0  11.10273
35.0    58.0  4.89354
35.0    59.0  1.33469
35.0    60.0  0.39965
35.0    61.0  0.23388
35.0    62.0  0.07479
35.0    63.0  0.15683
36.0    0.0   6.71351
36.0    1.0   34.39343
36.0    2.0   9.2877
36.0    3.0   1.22066
36.0    4.0   0.83768
36.0    5.0   0.2287
36.0    6.0   0.09358
36.0    7.0   0.08597
36.0    8.0   1.89559
36.0    9.0   14.23545
36.0    10.0  2.55986
36.0    11.0  0.58002
36.0    12.0  0.1492
36.0    13.0  0.03777
36.0    14.0  0.01884
36.0    15.0  0.02901
36.0    16.0  3.03709
36.0    17.0  2.67945
36.0    18.0  0.26502
36.0    19.0  0.02865
36.0    20.0  0.00372
36.0    21.0  0.00067
36.0    22.0  0.00016
36.0    23.0  0.00233
36.0    24.0  1.13017
36.0    25.0  1.80591
36.0    26.0  0.59045
36.0    27.0  0.11918
36.0    28.0  0.03432
36.0    29.0  0.00986
36.0    30.0  0.00852
36.0    31.0  0.01505
36.0    32.0  0.38779
36.0    33.0  0.83473
36.0    34.0  0.4633
36.0    35.0  0.14005
36.0    36.0  0.10187
36.0    37.0  0.04466
36.0    38.0  0.00704
36.0    39.0  0.00401
36.0    40.0  15.58086
36.0    41.0  20.0089
36.0    42.0  2.7426
36.0    43.0  0.48454
36.0    44.0  0.1335
36.0    45.0  0.0155
36.0    46.0  0.00562
36.0    47.0  0.01403
36.0    48.0  4.12084
36.0    49.0  13.25757
36.0    50.0  5.02951
36.0    51.0  1.33974
36.0    52.0  0.55616
36.0    53.0  0.21641
36.0    54.0  0.05278
36.0    55.0  0.11573
36.0    56.0  1.06101
36.0    57.0  2.85252
36.0    58.0  1.40232
36.0    59.0  0.41532
36.0    60.0  0.12851
36.0    61.0  0.07239
36.0    62.0  0.01671
36.0    63.0  0.04342
37.0    0.0   4.60646
37.0    1.0   29.77603
37.0    2.0   5.07192
37.0    3.0   1.11067
37.0    4.0   0.63109
37.0    5.0   0.16124
37.0    6.0   0.06623
37.0    7.0   0.07861
37.0    8.0   0.6707
37.0    9.0   6.67668
37.0    10.0  1.12849
37.0    11.0  0.28958
37.0    12.0  0.07399
37.0    13.0  0.01866
37.0    14.0  0.01013
37.0    15.0  0.01139
37.0    16.0  1.02203
37.0    17.0  0.89588
37.0    18.0  0.08368
37.0    19.0  0.0108
37.0    20.0  0.00208
37.0    21.0  0.0002
37.0    22.0  -2e-05
37.0    23.0  0.00118
37.0    24.0  0.37425
37.0    25.0  0.53049
37.0    26.0  0.16416
37.0    27.0  0.04147
37.0    28.0  0.01371
37.0    29.0  0.00414
37.0    30.0  0.0037
37.0    31.0  0.00636
37.0    32.0  0.1116
37.0    33.0  0.25553
37.0    34.0  0.14651
37.0    35.0  0.0559
37.0    36.0  0.04466
37.0    37.0  0.0239
37.0    38.0  0.00666
37.0    39.0  0.00257
37.0    40.0  7.23122
37.0    41.0  8.64808
37.0    42.0  1.13185
37.0    43.0  0.23015
37.0    44.0  0.1043
37.0    45.0  0.00881
37.0    46.0  0.01217
37.0    47.0  0.01259
37.0    48.0  1.90933
37.0    49.0  5.44354
37.0    50.0  2.08548
37.0    51.0  0.60789
37.0    52.0  0.28704
37.0    53.0  0.0984
37.0    54.0  0.04169
37.0    55.0  0.08058
37.0    56.0  0.40416
37.0    57.0  1.23222
37.0    58.0  0.57805
37.0    59.0  0.19871
37.0    60.0  0.06784
37.0    61.0  0.04232
37.0    62.0  0.01809
37.0    63.0  0.02482
38.0    0.0   0.55656
38.0    1.0   11.36999
38.0    2.0   2.48786
38.0    3.0   1.0093
38.0    4.0   0.34455
38.0    5.0   0.03641
38.0    6.0   0.01392
38.0    7.0   0.03255
38.0    8.0   0.28184
38.0    9.0   5.06164
38.0    10.0  0.84623
38.0    11.0  0.2249
38.0    12.0  0.07292
38.0    13.0  0.02111
38.0    14.0  0.01162
38.0    15.0  0.00559
38.0    16.0  0.57925
38.0    17.0  0.62415
38.0    18.0  0.0743
38.0    19.0  0.00764
38.0    20.0  0.00145
38.0    21.0  -0.00013
38.0    22.0  -0.00021
38.0    23.0  0.00047
38.0    24.0  0.18337
38.0    25.0  0.35575
38.0    26.0  0.11202
38.0    27.0  0.03646
38.0    28.0  0.01076
38.0    29.0  0.00381
38.0    30.0  0.00222
38.0    31.0  0.0029
38.0    32.0  0.04958
38.0    33.0  0.12703
38.0    34.0  0.06204
38.0    35.0  0.02759
38.0    36.0  0.00704
38.0    37.0  0.00666
38.0    38.0  0.01925
38.0    39.0  0.00466
38.0    40.0  1.55284
38.0    41.0  2.60677
38.0    42.0  0.45319
38.0    43.0  0.08203
38.0    44.0  0.09112
38.0    45.0  0.00127
38.0    46.0  0.01288
38.0    47.0  0.00197
38.0    48.0  1.09709
38.0    49.0  1.91481
38.0    50.0  0.89693
38.0    51.0  0.39321
38.0    52.0  0.19887
38.0    53.0  0.06247
38.0    54.0  0.05739
38.0    55.0  0.07731
38.0    56.0  0.18125
38.0    57.0  0.6841
38.0    58.0  0.27072
38.0    59.0  0.10494
38.0    60.0  0.04396
38.0    61.0  0.02972
38.0    62.0  0.0231
38.0    63.0  0.01633
39.0    0.0   0.66673
39.0    1.0 1.07011
39.0    2.0   1.07262
39.0    3.0   0.26337
39.0    4.0   0.05575
39.0    5.0   0.0274
39.0    6.0   0.01256
39.0    7.0   0.01698
39.0    8.0   0.08974
39.0    9.0   0.91491
39.0    10.0  0.2104
39.0    11.0  0.04527
39.0    12.0  0.01478
39.0    13.0  0.00587
39.0    14.0  0.00419
39.0    15.0  0.00466
39.0    16.0  0.16006
39.0    17.0  0.17668
39.0    18.0  0.0185
39.0    19.0  0.00207
39.0    20.0  0.00033
39.0    21.0  4e-05
39.0    22.0  -1e-05
39.0    23.0  0.0002
39.0    24.0  0.07135
39.0    25.0  0.09987
39.0    26.0  0.03146
39.0    27.0  0.00916
39.0    28.0  0.00334
39.0    29.0  0.00107
39.0    30.0  0.00111
39.0    31.0  0.00205
39.0    32.0  0.0374
39.0    33.0  0.04381
39.0    34.0  0.02188
39.0    35.0  0.01054
39.0    36.0  0.00401
39.0    37.0  0.00257
39.0    38.0  0.00466
39.0    39.0  0.00216
39.0    40.0  0.87267
39.0    41.0  1.44805
39.0    42.0  0.19889
39.0    43.0  0.04638
39.0    44.0  0.02075
39.0    45.0  0.00333
39.0    46.0  0.00284
39.0    47.0  0.00257
39.0    48.0  0.54022
39.0    49.0  1.32207
39.0    50.0  0.45782
39.0    51.0  0.16162
39.0    52.0  0.09315
39.0    53.0  0.03875
39.0    54.0  0.01629
39.0    55.0  0.02549
39.0    56.0  0.1031
39.0    57.0  0.29138
39.0    58.0  0.14281
39.0    59.0  0.05263
39.0    60.0  0.02004
39.0    61.0  0.01268
39.0    62.0  0.00559
39.0    63.0  0.00778
40.0    0.0   28457.27708
40.0    1.0   246472.27169
40.0    2.0   24515.5893
40.0    3.0   3145.90356
40.0    4.0   1510.9927
40.0    5.0   351.06885
40.0    6.0   179.35837
40.0    7.0   209.19095
40.0    8.0   2393.99669
40.0    9.0   14148.50021
40.0    10.0  1520.90436
40.0    11.0  149.08341
40.0    12.0  44.37589
40.0    13.0  16.18911
40.0    14.0  7.3341
40.0    15.0  13.009
40.0    16.0  2316.13733
40.0    17.0  2174.85331
40.0    18.0  174.32725
40.0    19.0  5.63756
40.0    20.0  4.52258
40.0    21.0  0.11238
40.0    22.0  0.11355
40.0    23.0  1.37715
40.0    24.0  795.84792
40.0    25.0  1057.43608
40.0    26.0  292.05697
40.0    27.0  45.13317
40.0    28.0  11.50247
40.0    29.0  2.78294
40.0    30.0  1.50738
40.0    31.0  6.27047
40.0    32.0  346.07517
40.0    33.0  628.48807
40.0    34.0  230.32963
40.0    35.0  46.76142
40.0    36.0  15.58086
40.0    37.0  7.23122
40.0    38.0  1.55284
40.0    39.0  0.87267
40.0    40.0  47174.37333
40.0    41.0  37199.72417
40.0    42.0  4824.4615
40.0    43.0  696.5747
40.0    44.0  276.64677
40.0    45.0  28.173
40.0    46.0  35.9441
40.0    47.0  44.24257
40.0    48.0  5117.20384
40.0    49.0  16988.4224
40.0    50.0  5998.16177
40.0    51.0  1400.26861
40.0    52.0  608.23746
40.0    53.0  173.81704
40.0    54.0  70.59975
40.0    55.0  156.96662
40.0    56.0  1878.84262
40.0    57.0  3580.69991
40.0    58.0  1428.4718
40.0    59.0  468.72629
40.0    60.0  152.55687
40.0    61.0  100.31013
40.0    62.0  35.36227
40.0    63.0  48.46839
41.0    0.0   24990.97775
41.0    1.0   207345.38433
41.0    2.0   37872.09175
41.0    3.0   3934.94236
41.0    4.0   1715.10713
41.0    5.0   179.04633
41.0    6.0   124.54751
41.0    7.0   156.67864
41.0    8.0   2116.82649
41.0    9.0   13051.81568
41.0    10.0  2229.59227
41.0    11.0  217.99684
41.0    12.0  69.87544
41.0    13.0  21.94941
41.0    14.0  10.31891
41.0    15.0  17.42924
41.0    16.0  3372.0362
41.0    17.0  3175.99274
41.0    18.0  243.32218
41.0    19.0  11.35859
41.0    20.0  6.48364
41.0    21.0  0.2029
41.0    22.0  0.03483
41.0    23.0  0.91352
41.0    24.0  973.31855
41.0    25.0  1598.16825
41.0    26.0  432.10142
41.0    27.0  68.82802
41.0    28.0  16.6868
41.0    29.0  3.86638
41.0    30.0  2.54277
41.0    31.0  7.88946
41.0    32.0  442.67353
41.0    33.0  856.84306
41.0    34.0  320.22422
41.0    35.0  61.57296
41.0    36.0  20.0089
41.0    37.0  8.64808
41.0    38.0  2.60677
41.0    39.0  1.44805
41.0    40.0  37199.72417
41.0    41.0  66358.95588
41.0    42.0  7899.49901
41.0    43.0  898.73874
41.0    44.0  333.84428
41.0    45.0  37.83302
41.0    46.0  41.24559
41.0    47.0  43.21042
41.0    48.0  6300.36468
41.0    49.0  20453.09267
41.0    50.0  7183.77278
41.0    51.0  1700.53903
41.0    52.0  736.32539
41.0    53.0  209.02313
41.0    54.0  95.64795
41.0    55.0  211.18341
41.0    56.0  2368.42935
41.0    57.0  4599.11447
41.0    58.0  1814.80525
41.0    59.0  577.89278
41.0    60.0  185.81903
41.0    61.0  122.08313
41.0    62.0  43.36385
41.0    63.0  57.31317
42.0    0.0   2475.82395
42.0    1.0   14516.4539
42.0    2.0   6942.53354
42.0    3.0   892.39934
42.0    4.0   364.41835
42.0    5.0   11.77241
42.0    6.0   12.95191
42.0    7.0   18.90315
42.0    8.0   186.1478
42.0    9.0   1117.226
42.0    10.0  387.61827
42.0    11.0  73.60533
42.0    12.0  6.17139
42.0    13.0  2.99794
42.0    14.0  1.80527
42.0    15.0  3.28917
42.0    16.0  511.05371
42.0    17.0  464.92476
42.0    18.0  44.09828
42.0    19.0  3.47534
42.0    20.0  0.90493
42.0    21.0  0.02977
42.0    22.0  0.00962
42.0    23.0  0.20536
42.0    24.0  148.84485
42.0    25.0  199.38393
42.0    26.0  56.83621
42.0    27.0  9.69847
42.0    28.0  2.66517
42.0    29.0  0.69933
42.0    30.0  0.55176
42.0    31.0  1.46713
42.0    32.0  68.78997
42.0    33.0  107.80588
42.0    34.0  41.23335
42.0    35.0  8.36721
42.0    36.0  2.7426
42.0    37.0  1.13185
42.0    38.0  0.45319
42.0    39.0  0.19889
42.0    40.0  4824.4615
42.0    41.0  7899.49901
42.0    42.0  1814.41655
42.0    43.0  198.27664
42.0    44.0  57.49127
42.0    45.0  5.24809
42.0    46.0  4.73128
42.0    47.0  4.28586
42.0    48.0  869.45909
42.0    49.0  2750.209
42.0    50.0  971.04178
42.0    51.0  215.03249
42.0    52.0  100.79311
42.0    53.0  34.22533
42.0    54.0  14.732
42.0    55.0  30.41074
42.0    56.0  326.88687
42.0    57.0  628.77249
42.0    58.0  254.91319
42.0    59.0  81.71469
42.0    60.0  26.61883
42.0    61.0  17.68829
42.0    62.0  6.22803
42.0    63.0  8.63944
43.0    0.0   472.18811
43.0    1.0   2836.19013
43.0    2.0   406.92063
43.0    3.0   303.57969
43.0    4.0   225.08312
43.0    5.0   16.24736
43.0    6.0   7.95306
43.0    7.0   7.79931
43.0    8.0   31.42397
43.0    9.0   240.56444
43.0    10.0  41.47632
43.0    11.0  26.89757
43.0    12.0  0.07407
43.0    13.0  0.68225
43.0    14.0  0.52518
43.0    15.0  0.72038
43.0    16.0  58.51785
43.0    17.0  60.62972
43.0    18.0  8.83921
43.0    19.0  1.24589
43.0    20.0  0.31259
43.0    21.0  0.02256
43.0    22.0  0.01313
43.0    23.0  0.07772
43.0    24.0  20.96656
43.0    25.0  31.29313
43.0    26.0  7.29127
43.0    27.0  1.15002
43.0    28.0  0.47644
43.0    29.0  0.21839
43.0    30.0  0.10559
43.0    31.0  0.32549
43.0    32.0  13.04537
43.0    33.0  14.58552
43.0    34.0  4.64117
43.0    35.0  0.96857
43.0    36.0  0.48454
43.0    37.0  0.23015
43.0    38.0  0.08203
43.0    39.0  0.04638
43.0    40.0  696.5747
43.0    41.0  898.73874
43.0    42.0  198.27664
43.0    43.0  91.07728
43.0    44.0  24.08224
43.0    45.0  2.27893
43.0    46.0  1.43045
43.0    47.0  1.46685
43.0    48.0  147.84478
43.0    49.0  519.04873
43.0    50.0  168.54193
43.0    51.0  45.42282
43.0    52.0  24.50595
43.0    53.0  7.89311
43.0    54.0  2.44765
43.0    55.0  4.32993
43.0    56.0  46.86081
43.0    57.0  97.76309
43.0    58.0  39.08252
43.0    59.0  13.39001
43.0    60.0  4.28521
43.0    61.0  2.80966
43.0    62.0  0.85281
43.0    63.0  1.35785
44.0    0.0   170.44977
44.0    1.0   1494.34832
44.0    2.0   197.50498
44.0    3.0   72.70296
44.0    4.0   113.97833
44.0    5.0   15.17401
44.0    6.0   6.45266
44.0    7.0   6.7045
44.0    8.0   10.66536
44.0    9.0   119.40045
44.0    10.0  19.89856
44.0    11.0  5.85025
44.0    12.0  0.70863
44.0    13.0  0.38373
44.0    14.0  0.21647
44.0    15.0  0.14328
44.0    16.0  19.34234
44.0    17.0  19.31295
44.0    18.0  2.12074
44.0    19.0  0.31602
44.0    20.0  0.14902
44.0    21.0  0.00048
44.0    22.0  0.00016
44.0    23.0  0.04395
44.0    24.0  7.34115
44.0    25.0  9.35367
44.0    26.0  1.97569
44.0    27.0  0.35727
44.0    28.0  0.13273
44.0    29.0  0.0621
44.0    30.0  0.00881
44.0    31.0  0.0741
44.0    32.0  3.98184
44.0    33.0  5.41143
44.0    34.0  1.38254
44.0    35.0  0.31889
44.0    36.0  0.1335
44.0    37.0  0.1043
44.0    38.0  0.09112
44.0    39.0  0.02075
44.0    40.0  276.64677
44.0    41.0  333.84428
44.0    42.0  57.49127
44.0    43.0  24.08224
44.0    44.0  13.71814
44.0    45.0  1.56329
44.0    46.0  1.18205
44.0    47.0  0.91982
44.0    48.0  61.70673
44.0    49.0  192.62624
44.0    50.0  67.47647
44.0    51.0  18.75027
44.0    52.0  9.17252
44.0    53.0  2.03181
44.0    54.0  1.25809
44.0    55.0  2.1534
44.0    56.0  16.92836
44.0    57.0  40.64874
44.0    58.0  14.50561
44.0    59.0  5.49001
44.0    60.0  1.89074
44.0    61.0  1.25297
44.0    62.0  0.58341
44.0    63.0  0.47567
45.0    0.0   16.30376
45.0    1.0   169.32391
45.0    2.0   16.23254
45.0    3.0   5.93399
45.0    4.0   3.72632
45.0    5.0   9.3265
45.0    6.0   3.78802
45.0    7.0   4.05451
45.0    8.0   1.7975
45.0    9.0   14.25095
45.0    10.0  2.71683
45.0    11.0  0.38101
45.0    12.0  -0.01303
45.0    13.0  0.01395
45.0    14.0  0.00821
45.0    15.0  0.0091
45.0    16.0  2.15263
45.0    17.0  1.7926
45.0    18.0  -0.0029
45.0    19.0  0.0459
45.0    20.0  0.0343
45.0    21.0  0.0021
45.0    22.0  0.00126
45.0    23.0  0.02189
45.0    24.0  0.79102
45.0    25.0  2.09256
45.0    26.0  0.4379
45.0    27.0  0.03319
45.0    28.0  -0.00384
45.0    29.0  -9e-05
45.0    30.0  -0.0056
45.0    31.0  0.00297
45.0    32.0  0.66084
45.0    33.0  0.44156
45.0    34.0  0.09722
45.0    35.0  0.02926
45.0    36.0  0.0155
45.0    37.0  0.00881
45.0    38.0  0.00127
45.0    39.0  0.00333
45.0    40.0  28.173
45.0    41.0  37.83302
45.0    42.0  5.24809
45.0    43.0  2.27893
45.0    44.0  1.56329
45.0    45.0  1.43682
45.0    46.0  0.82803
45.0    47.0  0.83165
45.0    48.0  6.03193
45.0    49.0  22.10558
45.0    50.0  6.06675
45.0    51.0  0.68131
45.0    52.0  0.08943
45.0    53.0  -0.2706
45.0    54.0  -0.10434
45.0    55.0  0.0626
45.0    56.0  1.76397
45.0    57.0  5.9764
45.0    58.0  2.14782
45.0    59.0  0.66743
45.0    60.0  0.16186
45.0    61.0  0.0884
45.0    62.0  0.00206
45.0    63.0  0.0048
46.0    0.0   21.99515
46.0    1.0   260.86138
46.0    2.0   25.2886
46.0    3.0   7.15537
46.0    4.0   3.74382
46.0    5.0   6.93658
46.0    6.0   2.81118
46.0    7.0   3.08999
46.0    8.0   2.72301
46.0    9.0   18.93014
46.0    10.0  2.71804
46.0    11.0  0.48593
46.0    12.0  0.08439
46.0    13.0  0.03987
46.0    14.0  0.0188
46.0    15.0  -0.00503
46.0    16.0  2.0431
46.0    17.0  1.94127
46.0    18.0  0.06533
46.0    19.0  0.01524
46.0    20.0  0.03116
46.0    21.0  0.0015
46.0    22.0  0.00044
46.0    23.0  0.01614
46.0    24.0  0.99223
46.0    25.0  1.59264
46.0    26.0  0.32306
46.0    27.0  0.06239
46.0    28.0  0.00906
46.0    29.0  0.0011
46.0    30.0  -0.0086
46.0    31.0  -0.00971
46.0    32.0  0.57862
46.0    33.0  0.66213
46.0    34.0  0.12068
46.0    35.0  0.01657
46.0    36.0  0.00562
46.0    37.0  0.01217
46.0    38.0  0.01288
46.0    39.0  0.00284
46.0    40.0  35.9441
46.0    41.0  41.24559
46.0    42.0  4.73128
46.0    43.0  1.43045
46.0    44.0  1.18205
46.0    45.0  0.82803
46.0    46.0  0.75046
46.0    47.0  0.9644
46.0    48.0  7.1282
46.0    49.0  22.76181
46.0    50.0  8.71636
46.0    51.0  2.12929
46.0    52.0  0.59037
46.0    53.0  -0.18458
46.0    54.0  0.06872
46.0    55.0  0.20481
46.0    56.0  2.39843
46.0    57.0  6.32828
46.0    58.0  2.07494
46.0    59.0  0.72074
46.0    60.0  0.21917
46.0    61.0  0.13498
46.0    62.0  0.07315
46.0    63.0  0.01861
47.0    0.0   29.47468
47.0    1.0   276.5081
47.0    2.0   24.3901
47.0    3.0   5.20219
47.0    4.0   2.82963
47.0    5.0   7.52543
47.0    6.0   3.11594
47.0    7.0   3.47994
47.0    8.0   5.53157
47.0    9.0   19.45573
47.0    10.0  2.69599
47.0    11.0  0.37566
47.0    12.0  -0.01432
47.0    13.0  0.03045
47.0    14.0  0.01898
47.0    15.0  0.02073
47.0    16.0  2.17718
47.0    17.0  2.14335
47.0    18.0  0.09286
47.0    19.0  0.00862
47.0    20.0  0.03192
47.0    21.0  0.00339
47.0    22.0  0.00163
47.0    23.0  0.01915
47.0    24.0  1.61618
47.0    25.0  1.7
47.0    26.0  0.35472
47.0    27.0  0.07386
47.0    28.0  0.02153
47.0    29.0  0.00387
47.0    30.0  -0.00763
47.0    31.0  -0.0072
47.0    32.0  0.88331
47.0    33.0  0.88126
47.0    34.0  0.17676
47.0    35.0  0.02828
47.0    36.0  0.01403
47.0    37.0  0.01259
47.0    38.0  0.00197
47.0    39.0  0.00257
47.0    40.0  44.24257
47.0    41.0  43.21042
47.0    42.0  4.28586
47.0    43.0  1.46685
47.0    44.0  0.91982
47.0    45.0  0.83165
47.0    46.0  0.9644
47.0    47.0  1.57615
47.0    48.0  8.41975
47.0    49.0  29.02493
47.0    50.0  10.58205
47.0    51.0  2.54467
47.0    52.0  0.76189
47.0    53.0  -0.07251
47.0    54.0  0.00261
47.0    55.0  0.12472
47.0    56.0  3.30465
47.0    57.0  6.62371
47.0    58.0  2.36589
47.0    59.0  0.798
47.0    60.0  0.21955
47.0    61.0  0.12554
47.0    62.0  0.03336
47.0    63.0  0.01663
48.0    0.0   3529.12203
48.0    1.0   23257.14817
48.0    2.0   5250.39559
48.0    3.0   725.37425
48.0    4.0   260.34986
48.0    5.0   97.49778
48.0    6.0   45.41412
48.0    7.0   49.40304
48.0    8.0   142.8865
48.0    9.0   2325.642
48.0    10.0  468.10498
48.0    11.0  86.82063
48.0    12.0  26.75921
48.0    13.0  6.85791
48.0    14.0  4.07153
48.0    15.0  4.83842
48.0    16.0  516.37396
48.0    17.0  470.09183
48.0    18.0  44.99978
48.0    19.0  2.77375
48.0    20.0  1.96375
48.0    21.0  0.05949
48.0    22.0  0.03166
48.0    23.0  0.44954
48.0    24.0  370.77785
48.0    25.0  475.7586
48.0    26.0  111.04546
48.0    27.0  17.70351
48.0    28.0  5.03548
48.0    29.0  1.1566
48.0    30.0  1.2532
48.0    31.0  2.90956
48.0    32.0  121.07887
48.0    33.0  187.0355
48.0    34.0  63.26233
48.0    35.0  13.42605
48.0    36.0  4.12084
48.0    37.0  1.90933
48.0    38.0  1.09709
48.0    39.0  0.54022
48.0    40.0  5117.20384
48.0    41.0  6300.36468
48.0    42.0  869.45909
48.0    43.0  147.84478
48.0    44.0  61.70673
48.0    45.0  6.03193
48.0    46.0  7.1282
48.0    47.0  8.41975
48.0    48.0  7702.97726
48.0    49.0  7798.75903
48.0    50.0  2370.44844
48.0    51.0  484.26401
48.0    52.0  184.13947
48.0    53.0  49.78832
48.0    54.0  20.41998
48.0    55.0  43.59466
48.0    56.0  515.23961
48.0    57.0  1049.89394
48.0    58.0  382.54633
48.0    59.0  114.72773
48.0    60.0  34.56376
48.0    61.0  23.97608
48.0    62.0  9.34911
48.0    63.0  14.64244
49.0    0.0   11003.64442
49.0    1.0   76819.14512
49.0    2.0   13231.48257
49.0    3.0   2277.23662
49.0    4.0   1138.5831
49.0    5.0   159.61234
49.0    6.0   94.28459
49.0    7.0   104.08244
49.0    8.0   1002.45635
49.0    9.0   6683.77512
49.0    10.0  1147.84468
49.0    11.0  241.79977
49.0    12.0  78.32185
49.0    13.0  19.94856
49.0    14.0  11.96888
49.0    15.0  18.28837
49.0    16.0  1609.98956
49.0    17.0  1463.5327
49.0    18.0  146.25727
49.0    19.0  9.29209
49.0    20.0  5.39644
49.0    21.0  0.30421
49.0    22.0  0.12093
49.0    23.0  0.89491
49.0    24.0  970.38314
49.0    25.0  1318.83214
49.0    26.0  321.22146
49.0    27.0  57.02722
49.0    28.0  16.56631
49.0    29.0  4.41816
49.0    30.0  2.52524
49.0    31.0  7.00189
49.0    32.0  356.1566
49.0    33.0  594.91053
49.0    34.0  217.80369
49.0    35.0  47.50566
49.0    36.0  13.25757
49.0    37.0  5.44354
49.0    38.0  1.91481
49.0    39.0  1.32207
49.0    40.0  16988.4224
49.0    41.0  20453.09267
49.0    42.0  2750.209
49.0    43.0  519.04873
49.0    44.0  192.62624
49.0    45.0  22.10558
49.0    46.0  22.76181
49.0    47.0  29.02493
49.0    48.0  7798.75903
49.0    49.0  24745.7189
49.0    50.0  8532.29556
49.0    51.0  1843.69713
49.0    52.0  695.2256
49.0    53.0  195.47041
49.0    54.0  71.34803
49.0    55.0  136.52397
49.0    56.0  1610.95107
49.0    57.0  3143.69743
49.0    58.0  1221.69001
49.0    59.0  379.52224
49.0    60.0  118.14261
49.0    61.0  75.93468
49.0    62.0  24.96805
49.0    63.0  40.49833
50.0    0.0   4078.51536
50.0    1.0   27927.62135
50.0    2.0   4396.04757
50.0    3.0   877.17623
50.0    4.0   456.95627
50.0    5.0   64.11568
50.0    6.0   35.36231
50.0    7.0   40.87761
50.0    8.0   394.98616
50.0    9.0   2397.60875
50.0    10.0  409.91305
50.0    11.0  99.06565
50.0    12.0  45.72439
50.0    13.0  10.53742
50.0    14.0  5.9531
50.0    15.0  6.60853
50.0    16.0  583.13918
50.0    17.0  547.57667
50.0    18.0  52.07821
50.0    19.0  2.95143
50.0    20.0  1.74366
50.0    21.0  0.06898
50.0    22.0  0.02426
50.0    23.0  0.33518
50.0    24.0  362.27786
50.0    25.0  485.38436
50.0    26.0  136.25294
50.0    27.0  27.13433
50.0    28.0  7.74458
50.0    29.0  2.21708
50.0    30.0  0.8445
50.0    31.0  1.72997
50.0    32.0  145.71662
50.0    33.0  254.03922
50.0    34.0  93.65879
50.0    35.0  20.35666
50.0    36.0  5.02951
50.0    37.0  2.08548
50.0    38.0  0.89693
50.0    39.0  0.45782
50.0    40.0  5998.16177
50.0    41.0  7183.77278
50.0    42.0  971.04178
50.0    43.0  168.54193
50.0    44.0  67.47647
50.0    45.0  6.06675
50.0    46.0  8.71636
50.0    47.0  10.58205
50.0    48.0  2370.44844
50.0    49.0  8532.29556
50.0    50.0  3847.77659
50.0    51.0  1033.10933
50.0    52.0  382.36981
50.0    53.0  111.95285
50.0    54.0  40.90137
50.0    55.0  56.76353
50.0    56.0  651.42797
50.0    57.0  1289.74697
50.0    58.0  500.99877
50.0    59.0  151.02234
50.0    60.0  47.85483
50.0    61.0  29.46162
50.0    62.0  11.00213
50.0    63.0  15.51904
51.0    0.0   911.26196
51.0    1.0   7321.97126
51.0    2.0   616.59842
51.0    3.0   291.50572
51.0    4.0   194.12363
51.0    5.0   13.94441
51.0    6.0   7.43864
51.0    7.0   9.92545
51.0    8.0   116.28506
51.0    9.0   833.25663
51.0    10.0  126.11203
51.0    11.0  39.9879
51.0    12.0  22.32688
51.0    13.0  5.36194
51.0    14.0  3.04955
51.0    15.0  2.21319
51.0    16.0  146.91629
51.0    17.0  138.87175
51.0    18.0  13.82123
51.0    19.0  1.04018
51.0    20.0  0.56388
51.0    21.0  0.03241
51.0    22.0  0.01405
51.0    23.0  0.13556
51.0    24.0  71.86894
51.0    25.0  117.80464
51.0    26.0  42.62705
51.0    27.0  11.16398
51.0    28.0  3.69386
51.0    29.0  1.34978
51.0    30.0  0.39203
51.0    31.0  0.55081
51.0    32.0  50.31708
51.0    33.0  79.62036
51.0    34.0  29.7715
51.0    35.0  7.63433
51.0    36.0  1.33974
51.0    37.0  0.60789
51.0    38.0  0.39321
51.0    39.0  0.16162
51.0    40.0  1400.26861
51.0    41.0  1700.53903
51.0    42.0  215.03249
51.0    43.0  45.42282
51.0    44.0  18.75027
51.0    45.0  0.68131
51.0    46.0  2.12929
51.0    47.0  2.54467
51.0    48.0  484.26401
51.0    49.0  1843.69713
51.0    50.0  1033.10933
51.0    51.0  511.66824
51.0    52.0  208.27632
51.0    53.0  63.9312
51.0    54.0  21.80435
51.0    55.0  20.66291
51.0    56.0  166.05354
51.0    57.0  375.10572
51.0    58.0  154.98356
51.0    59.0  48.25381
51.0    60.0  16.35118
51.0    61.0  9.67257
51.0    62.0  4.28279
51.0    63.0  5.52112
52.0    0.0   438.7693
52.0    1.0   3091.83003
52.0    2.0   291.5383
52.0    3.0   127.43249
52.0    4.0   80.42975
52.0    5.0   4.76978
52.0    6.0   2.80611
52.0    7.0   3.48596
52.0    8.0   48.48874
52.0    9.0   341.54102
52.0    10.0  50.75207
52.0    11.0  16.83422
52.0    12.0  8.80847
52.0    13.0  3.19438
52.0    14.0  1.79638
52.0    15.0  1.20662
52.0    16.0  57.41509
52.0    17.0  44.38269
52.0    18.0  4.28134
52.0    19.0  0.38137
52.0    20.0  0.28609
52.0    21.0  0.0193
52.0    22.0  0.01102
52.0    23.0  0.0511
52.0    24.0  22.06613
52.0    25.0  39.11857
52.0    26.0  14.09343
52.0    27.0  4.21206
52.0    28.0  1.7355
52.0    29.0  0.82527
52.0    30.0  0.22319
52.0    31.0  0.36105
52.0    32.0  16.81964
52.0    33.0  25.08692
52.0    34.0  9.26046
52.0    35.0  2.88516
52.0    36.0  0.55616
52.0    37.0  0.28704
52.0    38.0  0.19887
52.0    39.0  0.09315
52.0    40.0  608.23746
52.0    41.0  736.32539
52.0    42.0  100.79311
52.0    43.0  24.50595
52.0    44.0  9.17252
52.0    45.0  0.08943
52.0    46.0  0.59037
52.0    47.0  0.76189
52.0    48.0  184.13947
52.0    49.0  695.2256
52.0    50.0  382.36981
52.0    51.0  208.27632
52.0    52.0  110.67942
52.0    53.0  43.7098
52.0    54.0  13.74033
52.0    55.0  11.34377
52.0    56.0  61.92616
52.0    57.0  139.72642
52.0    58.0  62.16582
52.0    59.0  22.69675
52.0    60.0  8.67717
52.0    61.0  5.27806
52.0    62.0  2.19945
52.0    63.0  3.06473
53.0    0.0   127.18264
53.0    1.0   618.72628
53.0    2.0   65.41676
53.0    3.0   30.08384
53.0    4.0   15.5385
53.0    5.0   -0.31653
53.0    6.0   -0.15428
53.0    7.0   -0.23203
53.0    8.0   12.74052
53.0    9.0   80.89108
53.0    10.0  11.97425
53.0    11.0  5.41709
53.0    12.0  2.12751
53.0    13.0  1.49001
53.0    14.0  0.85109
53.0    15.0  0.56752
53.0    16.0  19.62139
53.0    17.0  11.15056
53.0    18.0  1.05343
53.0    19.0  0.10109
53.0    20.0  0.05275
53.0    21.0  0.00962
53.0    22.0  0.00598
53.0    23.0  0.00941
53.0    24.0  6.37235
53.0    25.0  10.10104
53.0    26.0  4.12971
53.0    27.0  1.32745
53.0    28.0  0.6973
53.0    29.0  0.38585
53.0    30.0  0.12015
53.0    31.0  0.1837
53.0    32.0  4.19426
53.0    33.0  5.54265
53.0    34.0  2.34904
53.0    35.0  0.82934
53.0    36.0  0.21641
53.0    37.0  0.0984
53.0    38.0  0.06247
53.0    39.0  0.03875
53.0    40.0  173.81704
53.0    41.0  209.02313
53.0    42.0  34.22533
53.0    43.0  7.89311
53.0    44.0  2.03181
53.0    45.0  -0.2706
53.0    46.0  -0.18458
53.0    47.0  -0.07251
53.0    48.0  49.78832
53.0    49.0  195.47041
53.0    50.0  111.95285
53.0    51.0  63.9312
53.0    52.0  43.7098
53.0    53.0  23.75721
53.0    54.0  7.07177
53.0    55.0  5.16176
53.0    56.0  15.85298
53.0    57.0  36.48053
53.0    58.0  20.2288
53.0    59.0  8.42715
53.0    60.0  3.66096
53.0    61.0  2.21864
53.0    62.0  0.85966
53.0    63.0  1.42142
54.0    0.0   47.96415
54.0    1.0   405.29308
54.0    2.0   50.81466
54.0    3.0   17.77966
54.0    4.0   7.17031
54.0    5.0   0.5418
54.0    6.0   0.24191
54.0    7.0   0.44899
54.0    8.0   1.7371
54.0    9.0   38.40849
54.0    10.0  5.3767
54.0    11.0  2.07295
54.0    12.0  0.85653
54.0    13.0  0.49175
54.0    14.0  0.27249
54.0    15.0  0.17078
54.0    16.0  7.42915
54.0    17.0  4.51685
54.0    18.0  0.36917
54.0    19.0  0.01152
54.0    20.0  0.02933
54.0    21.0  0.00148
54.0    22.0  0.00016
54.0    23.0  0.00154
54.0    24.0  2.25595
54.0    25.0  3.94917
54.0    26.0  1.3749
54.0    27.0  0.4269
54.0    28.0  0.19682
54.0    29.0  0.10637
54.0    30.0  0.02978
54.0    31.0  0.03594
54.0    32.0  1.25044
54.0    33.0  2.25071
54.0    34.0  0.88396
54.0    35.0  0.27979
54.0    36.0  0.05278
54.0    37.0  0.04169
54.0    38.0  0.05739
54.0    39.0  0.01629
54.0    40.0    70.59975
54.0    41.0  95.64795
54.0    42.0  14.732
54.0    43.0  2.44765
54.0    44.0  1.25809
54.0    45.0  -0.10434
54.0    46.0  0.06872
54.0    47.0  0.00261
54.0    48.0  20.41998
54.0    49.0  71.34803
54.0    50.0  40.90137
54.0    51.0  21.80435
54.0    52.0  13.74033
54.0    53.0  7.07177
54.0    54.0  2.97924
54.0    55.0  3.14638
54.0    56.0  6.25757
54.0    57.0  17.91755
54.0    58.0  8.57739
54.0    59.0  3.75945
54.0    60.0  1.75649
54.0    61.0  1.10881
54.0    62.0  0.57161
54.0    63.0  0.67267
55.0    0.0   115.92445
55.0    1.0   814.79318
55.0    2.0   128.62929
55.0    3.0   29.89391
55.0    4.0   9.31493
55.0    5.0   1.6881
55.0    6.0   0.95041
55.0    7.0   1.34807
55.0    8.0   3.93531
55.0    9.0   67.58249
55.0    10.0  10.75157
55.0    11.0  2.73969
55.0    12.0  0.87184
55.0    13.0  0.39144
55.0    14.0  0.2371
55.0    15.0  0.28978
55.0    16.0  12.66882
55.0    17.0  10.28456
55.0    18.0  0.80525
55.0    19.0  0.02361
55.0    20.0  0.05448
55.0    21.0  0.00418
55.0    22.0  0.0006
55.0    23.0  0.00548
55.0    24.0  4.58833
55.0    25.0  6.83516
55.0    26.0  1.75994
55.0    27.0  0.42222
55.0    28.0  0.17105
55.0    29.0  0.06673
55.0    30.0  0.03951
55.0    31.0  0.06962
55.0    32.0  1.93962
55.0    33.0  4.22071
55.0    34.0  1.53501
55.0    35.0  0.46862
55.0    36.0  0.11573
55.0    37.0  0.08058
55.0    38.0  0.07731
55.0    39.0  0.02549
55.0    40.0  156.96662
55.0    41.0  211.18341
55.0    42.0  30.41074
55.0    43.0  4.32993
55.0    44.0  2.1534
55.0    45.0  0.0626
55.0    46.0  0.20481
55.0    47.0  0.12472
55.0    48.0  43.59466
55.0    49.0  136.52397
55.0    50.0  56.76353
55.0    51.0  20.66291
55.0    52.0  11.34377
55.0    53.0  5.16176
55.0    54.0  3.14638
55.0    55.0  5.12675
55.0    56.0  12.20693
55.0    57.0  32.10253
55.0    58.0  14.35243
55.0    59.0  6.03869
55.0    60.0  2.68178
55.0    61.0  1.76181
55.0    62.0  0.8487
55.0    63.0  1.06928
56.0    0.0   1119.46346
56.0    1.0   7300.22077
56.0    2.0   1523.65166
56.0    3.0   470.3633
56.0    4.0   80.168
56.0    5.0   17.16762
56.0    6.0   10.06762
56.0    7.0   11.08267
56.0    8.0   116.6473
56.0    9.0   404.35633
56.0    10.0  68.91102
56.0    11.0  9.75622
56.0    12.0  7.11917
56.0    13.0  1.77686
56.0    14.0  0.93444
56.0    15.0  1.6004
56.0    16.0  180.21087
56.0    17.0  137.1004
56.0    18.0  13.58621
56.0    19.0  0.83895
56.0    20.0  0.31716
56.0    21.0  -0.01168
56.0    22.0  0.00666
56.0    23.0  0.06322
56.0    24.0  126.71131
56.0    25.0  186.45131
56.0    26.0  56.49748
56.0    27.0  8.60627
56.0    28.0  1.07952
56.0    29.0  0.30189
56.0    30.0  0.18057
56.0    31.0  0.52344
56.0    32.0  38.87112
56.0    33.0  70.98216
56.0    34.0  25.59093
56.0    35.0  5.11655
56.0    36.0  1.06101
56.0    37.0  0.40416
56.0    38.0  0.18125
56.0    39.0  0.1031
56.0    40.0  1878.84262
56.0    41.0  2368.42935
56.0    42.0  326.88687
56.0    43.0  46.86081
56.0    44.0  16.92836
56.0    45.0  1.76397
56.0    46.0  2.39843
56.0    47.0  3.30465
56.0    48.0  515.23961
56.0    49.0  1610.95107
56.0    50.0  651.42797
56.0    51.0  166.05354
56.0    52.0  61.92616
56.0    53.0  15.85298
56.0    54.0  6.25757
56.0    55.0  12.20693
56.0    56.0  507.44237
56.0    57.0  502.63931
56.0    58.0  155.96266
56.0    59.0  40.23949
56.0    60.0  11.21265
56.0    61.0  7.38727
56.0    62.0  2.45658
56.0    63.0  3.86272
57.0    0.0   2132.26593
57.0    1.0   15375.52802
57.0    2.0   2611.41625
57.0    3.0   752.30065
57.0    4.0   199.51706
57.0    5.0   58.22209
57.0    6.0   28.63582
57.0    7.0   32.54208
57.0    8.0   190.78878
57.0    9.0   1170.79466
57.0    10.0  181.04257
57.0    11.0  38.03025
57.0    12.0  16.89049
57.0    13.0  4.09621
57.0    14.0  1.97217
57.0    15.0  2.43328
57.0    16.0  359.1435
57.0    17.0  313.32911
57.0    18.0  30.48561
57.0    19.0  1.85319
57.0    20.0  0.9932
57.0    21.0  0.02238
57.0    22.0  0.00691
57.0    23.0  0.18112
57.0    24.0  208.74522
57.0    25.0  309.87132
57.0    26.0  96.99327
57.0    27.0  17.24187
57.0    28.0  3.11778
57.0    29.0  0.80629
57.0    30.0  0.43221
57.0    31.0  1.0855
57.0    32.0  82.92484
57.0    33.0  148.27248
57.0    34.0  55.51502
57.0    35.0  11.10273
57.0    36.0  2.85252
57.0    37.0  1.23222
57.0    38.0  0.6841
57.0    39.0  0.29138
57.0    40.0  3580.69991
57.0    41.0  4599.11447
57.0    42.0  628.77249
57.0    43.0  97.76309
57.0    44.0  40.64874
57.0    45.0  5.9764
57.0    46.0  6.32828
57.0    47.0  6.62371
57.0    48.0  1049.89394
57.0    49.0  3143.69743
57.0    50.0  1289.74697
57.0    51.0  375.10572
57.0    52.0  139.72642
57.0    53.0  36.48053
57.0    54.0  17.91755
57.0    55.0  32.10253
57.0    56.0  502.63931
57.0    57.0  1067.18393
57.0    58.0  380.69108
57.0    59.0  101.51418
57.0    60.0  29.62021
57.0    61.0  17.93373
57.0    62.0  7.0252
57.0    63.0  9.27596
58.0    0.0   837.49239
58.0    1.0   5565.47067
58.0    2.0   943.46665
58.0    3.0   242.15358
58.0    4.0   74.82677
58.0    5.0   22.96668
58.0    6.0   10.83162
58.0    7.0   12.12651
58.0    8.0   81.59097
58.0    9.0   492.10342
58.0    10.0  81.54565
58.0    11.0  17.90829
58.0    12.0  6.97752
58.0    13.0  1.8877
58.0    14.0  0.9837
58.0    15.0  1.33974
58.0    16.0  148.50919
58.0    17.0  139.8662
58.0    18.0  13.62742
58.0    19.0  0.8759
58.0    20.0  0.34872
58.0    21.0  0.01987
58.0    22.0  0.00764
58.0    23.0  0.07698
58.0    24.0  77.75264
58.0    25.0  114.19998
58.0    26.0  36.90934
58.0    27.0  6.72701
58.0    28.0  1.48991
58.0    29.0  0.38374
58.0    30.0  0.23902
58.0    31.0  0.52984
58.0    32.0  34.41467
58.0    33.0  60.74056
58.0    34.0  23.46965
58.0    35.0  4.89354
58.0    36.0  1.40232
58.0    37.0  0.57805
58.0    38.0  0.27072
58.0    39.0  0.14281
58.0    40.0  1428.4718
58.0    41.0  1814.80525
58.0    42.0  254.91319
58.0    43.0  39.08252
58.0    44.0  14.50561
58.0    45.0  2.14782
58.0    46.0  2.07494
58.0    47.0  2.36589
58.0    48.0  382.54633
58.0    49.0  1221.69001
58.0    50.0  500.99877
58.0    51.0  154.98356
58.0    52.0  62.16582
58.0    53.0  20.2288
58.0    54.0  8.57739
58.0    55.0  14.35243
58.0    56.0  155.96266
58.0    57.0  380.69108
58.0    58.0  157.96652
58.0    59.0  46.54576
58.0    60.0  15.22494
58.0    61.0  8.64629
58.0    62.0  3.12997
58.0    63.0  4.46837
59.0    0.0   311.31558
59.0    1.0   1938.83845
59.0    2.0   317.66896
59.0    3.0   69.55345
59.0    4.0   26.78035
59.0    5.0   7.43421
59.0    6.0   3.68575
59.0    7.0   4.07555
59.0    8.0   23.5162
59.0    9.0   156.76427
59.0    10.0  25.86438
59.0    11.0  5.85381
59.0    12.0  2.09707
59.0    13.0  0.72054
59.0    14.0  0.38008
59.0    15.0  0.50442
59.0    16.0  39.17163
59.0    17.0  37.45722
59.0    18.0  3.41068
59.0    19.0  0.19496
59.0    20.0  0.13032
59.0    21.0  0.00697
59.0    22.0  0.00363
59.0    23.0  0.01946
59.0    24.0  17.90904
59.0    25.0  25.69539
59.0    26.0  7.96429
59.0    27.0  1.49236
59.0    28.0  0.41936
59.0    29.0  0.1513
59.0    30.0  0.07128
59.0    31.0  0.18192
59.0    32.0  8.7842
59.0    33.0  15.60246
59.0    34.0  5.73702
59.0    35.0  1.33469
59.0    36.0  0.41532
59.0    37.0  0.19871
59.0    38.0  0.10494
59.0    39.0  0.05263
59.0    40.0  468.72629
59.0    41.0  577.89278
59.0    42.0  81.71469
59.0    43.0  13.39001
59.0    44.0  5.49001
59.0    45.0  0.66743
59.0    46.0  0.72074
59.0    47.0  0.798
59.0    48.0  114.72773
59.0    49.0  379.52224
59.0    50.0  151.02234
59.0    51.0  48.25381
59.0    52.0  22.69675
59.0    53.0  8.42715
59.0    54.0  3.75945
59.0    55.0  6.03869
59.0    56.0  40.23949
59.0    57.0  101.51418
59.0    58.0  46.54576
59.0    59.0  17.23657
59.0    60.0  6.79347
59.0    61.0  3.88182
59.0    62.0  1.47465
59.0    63.0  1.95544
60.0    0.0   109.05109
60.0    1.0   644.62739
60.0    2.0   105.8868
60.0    3.0   21.69329
60.0    4.0   8.84508
60.0    5.0   2.69099
60.0    6.0   1.30464
60.0    7.0   1.44835
60.0    8.0   6.15267
60.0    9.0   46.52004
60.0    10.0  7.53854
60.0    11.0  1.79818
60.0    12.0  0.64051
60.0    13.0  0.27724
60.0    14.0  0.14963
60.0    15.0  0.19275
60.0    16.0  10.544
60.0    17.0  10.51781
60.0    18.0  0.86321
60.0    19.0  0.03321
60.0    20.0  0.04056
60.0    21.0  0.00197
60.0    22.0  0.00129
60.0    23.0  0.00378
60.0    24.0  4.14289
60.0    25.0  6.16918
60.0    26.0  1.87667
60.0    27.0  0.35441
60.0    28.0  0.12096
60.0    29.0  0.05787
60.0    30.0  0.02445
60.0    31.0  0.0576
60.0    32.0  2.25933
60.0    33.0  4.24031
60.0    34.0  1.5327
60.0    35.0  0.39965
60.0    36.0  0.12851
60.0    37.0  0.06784
60.0    38.0  0.04396
60.0    39.0  0.02004
60.0    40.0  152.55687
60.0    41.0  185.81903
60.0    42.0  26.61883
60.0    43.0  4.28521
60.0    44.0  1.89074
60.0    45.0  0.16186
60.0    46.0  0.21917
60.0    47.0  0.21955
60.0    48.0  34.56376
60.0    49.0  118.14261
60.0    50.0  47.85483
60.0    51.0  16.35118
60.0    52.0  8.67717
60.0    53.0  3.66096
60.0    54.0  1.75649
60.0    55.0  2.68178
60.0    56.0  11.21265
60.0    57.0  29.62021
60.0    58.0  15.22494
60.0    59.0  6.79347
60.0    60.0  3.25217
60.0    61.0  1.89185
60.0    62.0  0.7877
60.0    63.0  1.03146
61.0    0.0   67.83929
61.0    1.0   436.3943
61.0    2.0   73.51212
61.0    3.0   15.60956
61.0    4.0   5.69357
61.0    5.0   1.40807
61.0    6.0   0.73486
61.0    7.0   0.89724
61.0    8.0   3.18817
61.0    9.0   27.14189
61.0    10.0  4.46014
61.0    11.0  1.03249
61.0    12.0  0.36574
61.0    13.0  0.16389
61.0    14.0  0.09332
61.0    15.0  0.11998
61.0    16.0  6.40648
61.0    17.0  5.83465
61.0    18.0  0.4536
61.0    19.0  0.00771
61.0    20.0  0.0253
61.0    21.0  0.00132
61.0    22.0  0.00055
61.0    23.0  0.00259
61.0    24.0  2.40326
61.0    25.0  3.49537
61.0    26.0  0.96501
61.0    27.0  0.18376
61.0    28.0  0.06849
61.0    29.0  0.03114
61.0    30.0  0.01494
61.0    31.0  0.03251
61.0    32.0  1.25928
61.0    33.0  2.34806
61.0    34.0  0.83373
61.0    35.0  0.23388
61.0    36.0  0.07239
61.0    37.0  0.04232
61.0    38.0  0.02972
61.0    39.0  0.01268
61.0    40.0  100.31013
61.0    41.0  122.08313
61.0    42.0  17.68829
61.0    43.0  2.80966
61.0    44.0  1.25297
61.0    45.0  0.0884
61.0    46.0  0.13498
61.0    47.0  0.12554
61.0    48.0  23.97608
61.0    49.0  75.93468
61.0    50.0  29.46162
61.0    51.0  9.67257
61.0    52.0  5.27806
61.0    53.0  2.21864
61.0    54.0  1.10881
61.0    55.0  1.76181
61.0    56.0  7.38727
61.0    57.0  17.93373
61.0    58.0  8.64629
61.0    59.0  3.88182
61.0    60.0  1.89185
61.0    61.0  1.21439
61.0    62.0  0.55498
61.0    63.0  0.75874
62.0    0.0   20.01902
62.0    1.0   197.00402
62.0    2.0   31.47714
62.0    3.0   8.24232
62.0    4.0   2.90414
62.0    5.0   0.54194
62.0    6.0   0.25964
62.0    7.0   0.41414
62.0    8.0   0.40629
62.0    9.0   11.10406
62.0    10.0  1.82524
62.0    11.0  0.51218
62.0    12.0  0.21239
62.0    13.0  0.07582
62.0    14.0  0.04254
62.0    15.0  0.03027
62.0    16.0  2.01954
62.0    17.0  1.54099
62.0    18.0  0.09917
62.0    19.0  -0.00989
62.0    20.0  0.01004
62.0    21.0  0.00012
62.0    22.0  -0.00043
62.0    23.0  0.00059
62.0    24.0  0.71279
62.0    25.0  1.02123
62.0    26.0  0.2668
62.0    27.0  0.06897
62.0    28.0  0.02613
62.0    29.0  0.0111
62.0    30.0  0.00536
62.0    31.0  0.00442
62.0    32.0  0.3371
62.0    33.0  0.7269
62.0    34.0  0.2354
62.0    35.0  0.07479
62.0    36.0  0.01671
62.0    37.0  0.01809
62.0    38.0  0.0231
62.0    39.0  0.00559
62.0    40.0  35.36227
62.0    41.0  43.36385
62.0    42.0  6.22803
62.0    43.0  0.85281
62.0    44.0  0.58341
62.0    45.0  0.00206
62.0    46.0  0.07315
62.0    47.0  0.03336
62.0    48.0  9.34911
62.0    49.0  24.96805
62.0    50.0  11.00213
62.0    51.0  4.28279
62.0    52.0  2.19945
62.0    53.0  0.85966
62.0    54.0  0.57161
62.0    55.0  0.8487
62.0    56.0  2.45658
62.0    57.0  7.0252
62.0    58.0  3.12997
62.0    59.0  1.47465
62.0    60.0  0.7877
62.0    61.0  0.55498
62.0    62.0  0.33544
62.0    63.0  0.41617
63.0    0.0   30.36759
63.0    1.0   189.58749
63.0    2.0   37.01851
63.0    3.0   8.48236
63.0    4.0   2.33145
63.0    5.0   0.31175
63.0    6.0   0.21301
63.0    7.0   0.33707
63.0    8.0   1.67043
63.0    9.0   14.12748
63.0    10.0  2.69785
63.0    11.0  0.63663
63.0    12.0  0.21769
63.0    13.0  0.09093
63.0    14.0  0.06132
63.0    15.0  0.09079
63.0    16.0  3.62414
63.0    17.0  2.68168
63.0    18.0  0.21832
63.0    19.0  0.0032
63.0    20.0  0.01
63.0    21.0  0.00198
63.0    22.0  0.00081
63.0    23.0  0.00235
63.0    24.0  1.44989
63.0    25.0  1.945
63.0    26.0  0.57121
63.0    27.0  0.11976
63.0    28.0  0.04944
63.0    29.0  0.01984
63.0    30.0  0.01671
63.0    31.0  0.02569
63.0    32.0  0.72011
63.0    33.0  1.21861
63.0    34.0  0.46467
63.0    35.0  0.15683
63.0    36.0  0.04342
63.0    37.0  0.02482
63.0    38.0  0.01633
63.0    39.0  0.00778
63.0    40.0  48.46839
63.0    41.0  57.31317
63.0    42.0  8.63944
63.0    43.0  1.35785
63.0    44.0  0.47567
63.0    45.0  0.0048
63.0    46.0  0.01861
63.0    47.0  0.01663
63.0    48.0  14.64244
63.0    49.0  40.49833
63.0    50.0  15.51904
63.0    51.0  5.52112
63.0    52.0  3.06473
63.0    53.0  1.42142
63.0    54.0  0.67267
63.0    55.0  1.06928
63.0    56.0  3.86272
63.0    57.0  9.27596
63.0    58.0  4.46837
63.0    59.0  1.95544
63.0    60.0  1.03146
63.0    61.0  0.75874
63.0    62.0  0.41617
63.0    63.0  0.66338